Frame,Keypoint,X,Y,Confidence
1,Nose,262.7387809753418,412.0875656604767,0.9999852180480957
1,Left Eye,266.79622650146484,384.22335147857666,0.9999586343765259
1,Right Eye,276.9716262817383,378.47657918930054,0.9999703168869019
1,Left Ear,285.97286224365234,372.48818278312683,0.9999376535415649
1,Right Ear,242.6853847503662,391.3164210319519,0.9999568462371826
1,Left Shoulder,429.2343521118164,386.3576066493988,0.9999855756759644
1,Right Shoulder,207.439227104187,411.4611840248108,0.9999954700469971
1,Left Elbow,494.5528793334961,528.5618805885315,0.9892441034317017
1,Right Elbow,193.69049549102783,548.61652135849,0.9653505682945251
1,Left Wrist,455.05751609802246,651.2750673294067,0.9591245651245117
1,Right Wrist,168.97696495056152,667.5342106819153,0.9727952480316162
1,Left Hip,425.9991931915283,634.2159605026245,0.999790370464325
1,Right Hip,296.14025115966797,634.5058965682983,0.9997219443321228
1,Left Knee,439.69791412353516,752.1639347076416,0.9791756868362427
1,Right Knee,99.88749504089355,775.283567905426,0.9891391396522522
1,Left Ankle,361.6526985168457,975.328574180603,0.956853985786438
1,Right Ankle,265.6297302246094,964.2396783828735,0.9684498310089111
2,Nose,264.35216903686523,411.9068384170532,0.9999843835830688
2,Left Eye,267.05434799194336,384.2249608039856,0.9999573230743408
2,Right Eye,277.0393180847168,378.59460711479187,0.9999687671661377
2,Left Ear,286.1941623687744,372.6885759830475,0.9999369382858276
2,Right Ear,243.42653274536133,390.776492357254,0.9999555945396423
2,Left Shoulder,429.6125793457031,386.8949604034424,0.9999856948852539
2,Right Shoulder,208.3306646347046,408.9781880378723,0.9999954700469971
2,Left Elbow,493.6099433898926,528.9504361152649,0.9892876744270325
2,Right Elbow,196.1531925201416,543.6471176147461,0.966241717338562
2,Left Wrist,456.3122749328613,651.3740730285645,0.9601327776908875
2,Right Wrist,171.16271495819092,664.2507362365723,0.9738678336143494
2,Left Hip,424.71190452575684,636.3465785980225,0.9997758269309998
2,Right Hip,295.3137016296387,634.6939301490784,0.9997177720069885
2,Left Knee,479.3963813781738,791.7414307594299,0.9798496961593628
2,Right Knee,106.05088233947754,775.2939963340759,0.9895544052124023
2,Left Ankle,362.52230644226074,968.2855224609375,0.9562438726425171
2,Right Ankle,263.3892631530762,962.4123215675354,0.9694079160690308
3,Nose,265.5798053741455,411.87989830970764,0.9999843835830688
3,Left Eye,267.9253578186035,384.2257332801819,0.9999582171440125
3,Right Eye,277.62293815612793,378.6462664604187,0.9999690651893616
3,Left Ear,287.07987785339355,372.76469707489014,0.9999388456344604
3,Right Ear,244.46391105651855,390.5602955818176,0.9999564290046692
3,Left Shoulder,432.0915699005127,387.53453850746155,0.999985933303833
3,Right Shoulder,209.82484817504883,406.42837285995483,0.9999954700469971
3,Left Elbow,493.33688735961914,528.9340209960938,0.9892679452896118
3,Right Elbow,198.51455211639404,539.3508303165436,0.9667466878890991
3,Left Wrist,457.8940773010254,651.276547908783,0.9606246948242188
3,Right Wrist,173.57751846313477,660.9673261642456,0.9743725657463074
3,Left Hip,424.705867767334,638.0030250549316,0.9997647404670715
3,Right Hip,295.25965690612793,634.89413022995,0.9997138381004333
3,Left Knee,487.82793045043945,791.8527317047119,0.98041170835495
3,Right Knee,109.91460084915161,774.8437070846558,0.9899194240570068
3,Left Ankle,362.72698402404785,964.8276615142822,0.9560595750808716
3,Right Ankle,261.41873359680176,961.9104051589966,0.9702738523483276
4,Nose,266.3630676269531,411.87577843666077,0.999984085559845
4,Left Eye,268.2622718811035,384.25614953041077,0.9999581575393677
4,Right Eye,277.89610862731934,378.7830591201782,0.9999688267707825
4,Left Ear,287.5624752044678,372.94732332229614,0.9999395608901978
4,Right Ear,244.80053901672363,390.4323220252991,0.9999561309814453
4,Left Shoulder,432.5501346588135,388.4525942802429,0.9999862909317017
4,Right Shoulder,210.17573833465576,406.4151442050934,0.9999954700469971
4,Left Elbow,493.3465003967285,529.5308232307434,0.9893136620521545
4,Right Elbow,199.3540620803833,539.1712617874146,0.9672431945800781
4,Left Wrist,459.27409172058105,651.2746810913086,0.9616285562515259
4,Right Wrist,174.03024673461914,661.1266493797302,0.9749712944030762
4,Left Hip,424.71256256103516,640.504560470581,0.999763011932373
4,Right Hip,295.1745128631592,635.9478521347046,0.9997147917747498
4,Left Knee,490.9489059448242,793.1342697143555,0.9810484647750854
4,Right Knee,110.50591707229614,775.679783821106,0.9902665019035339
4,Left Ankle,362.9415035247803,964.6701407432556,0.956204891204834
4,Right Ankle,259.28738594055176,962.0293664932251,0.9711660742759705
5,Nose,265.71410179138184,411.8083155155182,0.9999839067459106
5,Left Eye,267.3556709289551,384.1215455532074,0.9999584555625916
5,Right Eye,276.94461822509766,378.7463343143463,0.9999688863754272
5,Left Ear,286.7699146270752,372.92781829833984,0.9999404549598694
5,Right Ear,244.08977508544922,389.97578859329224,0.9999563694000244
5,Left Shoulder,434.48055267333984,389.5139443874359,0.999986469745636
5,Right Shoulder,211.1457395553589,406.517014503479,0.9999954700469971
5,Left Elbow,493.4319877624512,530.5385828018188,0.9893171787261963
5,Right Elbow,200.7532024383545,539.3068313598633,0.9675871729850769
5,Left Wrist,459.92895126342773,651.4846658706665,0.9624568223953247
5,Right Wrist,174.75873470306396,661.3030314445496,0.975555419921875
5,Left Hip,425.32628059387207,641.0897755622864,0.9997581839561462
5,Right Hip,295.20647048950195,636.4139127731323,0.9997142553329468
5,Left Knee,493.3059310913086,789.522557258606,0.9814704060554504
5,Right Knee,111.74907445907593,775.6781101226807,0.9904834032058716
5,Left Ankle,363.2142734527588,964.6600341796875,0.9558194279670715
5,Right Ankle,259.2169761657715,961.3611745834351,0.971699059009552
6,Nose,270.9957504272461,412.15535044670105,0.9999833106994629
6,Left Eye,272.7205181121826,385.2136015892029,0.9999575614929199
6,Right Eye,281.78661346435547,379.93095874786377,0.9999680519104004
6,Left Ear,291.36717796325684,373.94320607185364,0.9999402165412903
6,Right Ear,249.9649715423584,390.41484475135803,0.9999552369117737
6,Left Shoulder,437.2378921508789,389.5041596889496,0.9999867677688599
6,Right Shoulder,213.30283641815186,404.93067026138306,0.9999954104423523
6,Left Elbow,494.14690017700195,530.4177224636078,0.9893157482147217
6,Right Elbow,205.54909229278564,537.2835552692413,0.9673851132392883
6,Left Wrist,461.3327407836914,651.4372873306274,0.9628564715385437
6,Right Wrist,177.9228687286377,660.428717136383,0.9756318926811218
6,Left Hip,425.5254936218262,640.9207963943481,0.9997491836547852
6,Right Hip,295.40053367614746,636.3134908676147,0.9997113943099976
6,Left Knee,497.1026802062988,789.0285587310791,0.9816054701805115
6,Right Knee,115.02973794937134,774.8469257354736,0.9907103776931763
6,Left Ankle,366.3134765625,962.9918074607849,0.954861044883728
6,Right Ankle,262.57158279418945,961.2375783920288,0.9722170829772949
7,Nose,275.8838081359863,412.1625280380249,0.9999817609786987
7,Left Eye,277.1828842163086,385.2232575416565,0.9999544024467468
7,Right Eye,286.0069942474365,379.9366557598114,0.999965488910675
7,Left Ear,295.23104667663574,373.94075989723206,0.999937117099762
7,Right Ear,254.48490142822266,390.41056394577026,0.9999515414237976
7,Left Shoulder,438.8910484313965,388.6209297180176,0.9999866485595703
7,Right Shoulder,216.7064094543457,404.43795919418335,0.9999949336051941
7,Left Elbow,496.35149002075195,528.2507979869843,0.98927241563797
7,Right Elbow,209.77460861206055,535.747389793396,0.9667561054229736
7,Left Wrist,464.4697093963623,650.6468510627747,0.9632570743560791
7,Right Wrist,180.21580696105957,659.5723628997803,0.9752167463302612
7,Left Hip,426.1669635772705,640.8756065368652,0.9997345805168152
7,Right Hip,295.88587760925293,636.300036907196,0.9996979832649231
7,Left Knee,500.37059783935547,789.8428773880005,0.9815576672554016
7,Right Knee,118.10035943984985,774.2916440963745,0.9907914400100708
7,Left Ankle,366.8650817871094,962.7576184272766,0.9534639120101929
7,Right Ankle,264.91610527038574,961.2765884399414,0.9724439382553101
8,Nose,275.6308937072754,412.45758175849915,0.9999817609786987
8,Left Eye,277.28344917297363,385.91443061828613,0.9999549388885498
8,Right Eye,286.2096118927002,380.7413184642792,0.9999659061431885
8,Left Ear,295.64380645751953,374.60245013237,0.9999383687973022
8,Right Ear,254.5400333404541,390.60242772102356,0.9999520182609558
8,Left Shoulder,441.3830280303955,388.95013332366943,0.9999869465827942
8,Right Shoulder,217.41103649139404,404.0001904964447,0.9999949336051941
8,Left Elbow,497.60644912719727,528.7030506134033,0.9893597364425659
8,Right Elbow,210.18625259399414,535.6924474239349,0.9663467407226562
8,Left Wrist,464.53728675842285,650.7614350318909,0.9638743996620178
8,Right Wrist,180.54924488067627,659.0165019035339,0.9752001762390137
8,Left Hip,426.30260467529297,640.7491135597229,0.9997294545173645
8,Right Hip,295.9356880187988,636.2796950340271,0.9996980428695679
8,Left Knee,500.70682525634766,789.3992185592651,0.9815401434898376
8,Right Knee,119.14863109588623,772.6439523696899,0.9909172654151917
8,Left Ankle,368.4093761444092,963.0597853660583,0.9521552920341492
8,Right Ankle,265.0477695465088,961.292552947998,0.9727073311805725
9,Nose,275.32739639282227,412.44200348854065,0.9999819993972778
9,Left Eye,277.15593338012695,385.71635484695435,0.9999555945396423
9,Right Eye,286.20680809020996,380.5793559551239,0.9999663233757019
9,Left Ear,295.79867362976074,374.49427127838135,0.9999395608901978
9,Right Ear,254.3598461151123,390.41362166404724,0.9999527931213379
9,Left Shoulder,441.2127113342285,388.9107048511505,0.9999870657920837
9,Right Shoulder,217.20993518829346,403.4515392780304,0.9999950528144836
9,Left Elbow,498.01002502441406,526.7338800430298,0.9893049001693726
9,Right Elbow,209.93868827819824,534.1227436065674,0.9667437672615051
9,Left Wrist,464.5930767059326,651.4378023147583,0.9637849926948547
9,Right Wrist,180.5764102935791,658.9787149429321,0.9753707647323608
9,Left Hip,426.4851951599121,640.5460810661316,0.9997290968894958
9,Right Hip,295.93743324279785,635.9444403648376,0.9997025728225708
9,Left Knee,501.0310363769531,788.2913589477539,0.9815047979354858
9,Right Knee,118.83520603179932,771.8033695220947,0.9910293221473694
9,Left Ankle,368.4858798980713,962.6896405220032,0.9511823058128357
9,Right Ankle,264.9924945831299,961.0936403274536,0.973088800907135
10,Nose,274.99053955078125,412.0929729938507,0.9999815225601196
10,Left Eye,276.8984127044678,385.1428234577179,0.9999541640281677
10,Right Eye,285.99303245544434,380.08625864982605,0.9999650716781616
10,Left Ear,295.55548667907715,374.08891439437866,0.9999379515647888
10,Right Ear,254.00507926940918,389.8649060726166,0.9999513626098633
10,Left Shoulder,440.974760055542,388.5048973560333,0.9999868869781494
10,Right Shoulder,217.22376823425293,403.258581161499,0.9999949932098389
10,Left Elbow,498.1328773498535,524.596631526947,0.9891626834869385
10,Right Elbow,209.72801685333252,533.4635639190674,0.9669554829597473
10,Left Wrist,464.68053817749023,651.854875087738,0.9633731842041016
10,Right Wrist,180.46329975128174,658.9362287521362,0.9754120111465454
10,Left Hip,426.6330814361572,640.5237436294556,0.9997246861457825
10,Right Hip,295.94252586364746,635.6823778152466,0.9997010827064514
10,Left Knee,501.2604331970215,787.6279306411743,0.9814621806144714
10,Right Knee,119.00286912918091,771.2466716766357,0.9910879135131836
10,Left Ankle,368.5524845123291,962.8615808486938,0.950402021408081
10,Right Ankle,264.4346809387207,960.6251335144043,0.9733505249023438
11,Nose,274.7303581237793,412.3814606666565,0.9999817609786987
11,Left Eye,276.64332389831543,385.33687591552734,0.9999545812606812
11,Right Eye,285.77917098999023,380.3279149532318,0.999965250492096
11,Left Ear,295.3465747833252,374.38705801963806,0.9999385476112366
11,Right Ear,253.7204933166504,389.94643449783325,0.9999520182609558
11,Left Shoulder,440.80278396606445,388.7123715877533,0.9999868273735046
11,Right Shoulder,217.20801830291748,403.0280935764313,0.9999950528144836
11,Left Elbow,498.1423759460449,523.7085092067719,0.9891703724861145
11,Right Elbow,209.44411754608154,533.0859518051147,0.9673318266868591
11,Left Wrist,465.04383087158203,651.9093990325928,0.963304877281189
11,Right Wrist,180.3208065032959,658.5393047332764,0.975695013999939
11,Left Hip,426.63740158081055,640.4651641845703,0.9997185468673706
11,Right Hip,295.7881450653076,635.1959109306335,0.9996999502182007
11,Left Knee,498.79079818725586,791.3444423675537,0.9816014170646667
11,Right Knee,118.71899843215942,771.3850736618042,0.991186261177063
11,Left Ankle,368.3082675933838,963.3053040504456,0.9495224952697754
11,Right Ankle,264.03940200805664,960.8947920799255,0.973676323890686
12,Nose,274.0381908416748,412.88814067840576,0.999980628490448
12,Left Eye,275.5451774597168,385.94294786453247,0.9999518990516663
12,Right Eye,284.22045707702637,381.10814809799194,0.9999630451202393
12,Left Ear,293.4272289276123,375.30707716941833,0.9999356865882874
12,Right Ear,253.52445602416992,390.29459595680237,0.9999492168426514
12,Left Shoulder,441.0615634918213,389.1366219520569,0.9999867677688599
12,Right Shoulder,217.56242752075195,403.1408107280731,0.9999949932098389
12,Left Elbow,498.1324768066406,525.6705343723297,0.9892193078994751
12,Right Elbow,209.17094707489014,534.591121673584,0.96755450963974
12,Left Wrist,465.04225730895996,653.1950569152832,0.9640451669692993
12,Right Wrist,180.66723346710205,660.1472783088684,0.9759915471076965
12,Left Hip,426.64687156677246,641.7048597335815,0.9997128248214722
12,Right Hip,295.86756706237793,636.7561197280884,0.9996974468231201
12,Left Knee,499.2868995666504,792.4108457565308,0.9817867875099182
12,Right Knee,118.4540605545044,771.9159579277039,0.9912033677101135
12,Left Ankle,367.38072395324707,963.8050961494446,0.9482883810997009
12,Right Ankle,264.2226505279541,962.9448795318604,0.9735164046287537
13,Nose,273.925838470459,413.2040512561798,0.9999805688858032
13,Left Eye,275.1815414428711,386.4240074157715,0.9999517202377319
13,Right Eye,283.64850997924805,381.6175639629364,0.9999628067016602
13,Left Ear,292.6707172393799,375.8141756057739,0.9999358057975769
13,Right Ear,253.478364944458,390.63586950302124,0.9999488592147827
13,Left Shoulder,440.9799098968506,389.4314503669739,0.9999868869781494
13,Right Shoulder,217.73138523101807,403.61672043800354,0.9999948740005493
13,Left Elbow,498.44072341918945,527.2120428085327,0.9893803596496582
13,Right Elbow,208.98569583892822,535.7554364204407,0.9679598808288574
13,Left Wrist,465.093297958374,655.824179649353,0.9648262858390808
13,Right Wrist,180.7651948928833,661.9718027114868,0.9762388467788696
13,Left Hip,426.86267852783203,644.064838886261,0.9997133016586304
13,Right Hip,296.1834239959717,638.4223508834839,0.9997005462646484
13,Left Knee,499.22876358032227,796.5731406211853,0.9822031855583191
13,Right Knee,118.26711416244507,772.172999382019,0.9913855195045471
13,Left Ankle,366.6455268859863,964.9168825149536,0.9485663175582886
13,Right Ankle,264.1189956665039,963.939893245697,0.9740524291992188
14,Nose,273.7872791290283,414.2008352279663,0.9999799728393555
14,Left Eye,275.0964546203613,387.726788520813,0.9999508857727051
14,Right Eye,283.5677719116211,382.9209566116333,0.9999619722366333
14,Left Ear,292.41525650024414,377.0597290992737,0.9999351501464844
14,Right Ear,253.2894515991211,391.8584740161896,0.9999475479125977
14,Left Shoulder,441.1416435241699,390.6464910507202,0.9999868869781494
14,Right Shoulder,218.0281162261963,404.58656430244446,0.9999946355819702
14,Left Elbow,498.5306167602539,531.3445329666138,0.9894614815711975
14,Right Elbow,209.10286903381348,538.8806819915771,0.9677553176879883
14,Left Wrist,465.58685302734375,656.2431836128235,0.9653752446174622
14,Right Wrist,180.838623046875,664.4564080238342,0.9761404991149902
14,Left Hip,427.51556396484375,645.0225162506104,0.9997091293334961
14,Right Hip,296.3616371154785,639.9309325218201,0.9996971487998962
14,Left Knee,499.064884185791,800.6997728347778,0.9824690818786621
14,Right Knee,118.13268184661865,773.8325357437134,0.9914537072181702
14,Left Ankle,365.1449775695801,968.2423281669617,0.948301374912262
14,Right Ankle,264.7664165496826,965.3349208831787,0.9741702675819397
15,Nose,273.6574459075928,414.88550662994385,0.9999794363975525
15,Left Eye,275.0096797943115,388.59418272972107,0.9999498128890991
15,Right Eye,283.5512638092041,383.7867736816406,0.9999607801437378
15,Left Ear,292.3270511627197,377.8927481174469,0.9999340176582336
15,Right Ear,253.23514938354492,392.7403521537781,0.9999465942382812
15,Left Shoulder,441.1766052246094,391.2777650356293,0.999986469745636
15,Right Shoulder,218.62642765045166,406.6939437389374,0.9999945163726807
15,Left Elbow,498.80104064941406,531.7658543586731,0.9892995953559875
15,Right Elbow,209.68624591827393,541.5273785591125,0.9675991535186768
15,Left Wrist,466.4285373687744,656.2344932556152,0.9646351337432861
15,Right Wrist,181.6027021408081,667.3015666007996,0.9758704900741577
15,Left Hip,428.6272716522217,644.9683785438538,0.9996955990791321
15,Right Hip,297.2439479827881,640.475013256073,0.9996901750564575
15,Left Knee,499.25010681152344,799.4325256347656,0.9825842976570129
15,Right Knee,118.38395118713379,774.970908164978,0.9914822578430176
15,Left Ankle,365.71489334106445,971.2397933006287,0.9477097988128662
15,Right Ankle,265.3186225891113,966.9599533081055,0.9741852879524231
16,Nose,273.614501953125,415.8578610420227,0.9999788403511047
16,Left Eye,274.8347568511963,389.6918714046478,0.9999485611915588
16,Right Eye,283.1785011291504,384.874484539032,0.9999594688415527
16,Left Ear,291.72563552856445,378.9496886730194,0.999932587146759
16,Right Ear,253.13509941101074,393.8740575313568,0.999945342540741
16,Left Shoulder,441.4383602142334,392.0478594303131,0.9999861717224121
16,Right Shoulder,218.7952423095703,407.3061954975128,0.9999943971633911
16,Left Elbow,498.7953758239746,532.4782061576843,0.9890475273132324
16,Right Elbow,209.67966556549072,543.027913570404,0.9670990109443665
16,Left Wrist,466.50054931640625,657.4055671691895,0.9636836051940918
16,Right Wrist,181.7678689956665,667.8715252876282,0.975427508354187
16,Left Hip,429.2673110961914,645.5561685562134,0.9996888041496277
16,Right Hip,297.80187606811523,640.7301235198975,0.999686598777771
16,Left Knee,498.97024154663086,798.5035586357117,0.9825719594955444
16,Right Knee,118.4135913848877,775.3187799453735,0.991413950920105
16,Left Ankle,365.7116889953613,972.495710849762,0.9473668336868286
16,Right Ankle,265.30789375305176,967.7454972267151,0.9740734696388245
17,Nose,272.7464962005615,417.2173869609833,0.99997878074646
17,Left Eye,274.2165756225586,391.3356041908264,0.9999485015869141
17,Right Eye,282.51794815063477,386.44566893577576,0.9999592900276184
17,Left Ear,291.0501766204834,380.4212236404419,0.999932587146759
17,Right Ear,252.6584815979004,395.51482915878296,0.9999452829360962
17,Left Shoulder,441.4192771911621,393.79384875297546,0.9999861717224121
17,Right Shoulder,218.78560066223145,408.637558221817,0.9999944567680359
17,Left Elbow,498.5680389404297,533.8649296760559,0.9889912009239197
17,Right Elbow,209.64242935180664,544.5578670501709,0.9670735001564026
17,Left Wrist,466.79125785827637,658.0235481262207,0.963607668876648
17,Right Wrist,181.9588565826416,668.5460901260376,0.9755734205245972
17,Left Hip,429.33380126953125,645.5375003814697,0.9996846914291382
17,Right Hip,297.80508041381836,641.1467456817627,0.9996852874755859
17,Left Knee,498.83337020874023,796.858184337616,0.9825411438941956
17,Right Knee,118.3862829208374,775.7166695594788,0.9913123846054077
17,Left Ankle,365.6569576263428,973.3584380149841,0.9468023180961609
17,Right Ankle,265.94944953918457,969.3098258972168,0.9737322926521301
18,Nose,272.93137550354004,417.36650705337524,0.9999760985374451
18,Left Eye,274.16327476501465,391.4323890209198,0.9999436736106873
18,Right Eye,282.4959182739258,386.50205969810486,0.9999558329582214
18,Left Ear,290.96654891967773,380.45456886291504,0.9999277591705322
18,Right Ear,253.03522109985352,395.7243311405182,0.9999386668205261
18,Left Shoulder,443.0299472808838,394.6616291999817,0.9999862313270569
18,Right Shoulder,220.88775157928467,409.57212567329407,0.9999940991401672
18,Left Elbow,498.60294342041016,537.7197790145874,0.9889670014381409
18,Right Elbow,211.40067100524902,544.5939803123474,0.9667782783508301
18,Left Wrist,467.13990211486816,660.2112007141113,0.9640200138092041
18,Right Wrist,182.9822301864624,669.1797780990601,0.9755486249923706
18,Left Hip,429.6115493774414,645.9615254402161,0.9996775984764099
18,Right Hip,298.013277053833,641.8002605438232,0.9996766448020935
18,Left Knee,498.66451263427734,793.987340927124,0.9825583100318909
18,Right Knee,118.82156610488892,775.7914066314697,0.9913594126701355
18,Left Ankle,368.6410331726074,973.9959239959717,0.9468724727630615
18,Right Ankle,266.0801696777344,970.8716440200806,0.9734785556793213
19,Nose,275.38198471069336,418.1874883174896,0.9999759197235107
19,Left Eye,275.47433853149414,392.00241208076477,0.9999440312385559
19,Right Eye,283.82243156433105,386.85945868492126,0.9999562501907349
19,Left Ear,292.43577003479004,380.63931941986084,0.9999286532402039
19,Right Ear,254.71521377563477,396.87641501426697,0.9999385476112366
19,Left Shoulder,443.41063499450684,395.7040858268738,0.9999865889549255
19,Right Shoulder,222.71166801452637,411.7265295982361,0.9999938607215881
19,Left Elbow,499.7120475769043,539.3182897567749,0.9892391562461853
19,Right Elbow,212.9329776763916,544.4936227798462,0.9664411544799805
19,Left Wrist,468.7448501586914,660.6238317489624,0.9650084376335144
19,Right Wrist,184.51130390167236,669.2072010040283,0.9756017327308655
19,Left Hip,430.22664070129395,647.9118990898132,0.9996666312217712
19,Right Hip,299.9139976501465,643.3454704284668,0.9996626377105713
19,Left Knee,499.1257667541504,796.7128944396973,0.9826493263244629
19,Right Knee,119.37546730041504,776.0905480384827,0.9913027882575989
19,Left Ankle,368.2781410217285,974.2543172836304,0.945925772190094
19,Right Ankle,267.5351142883301,973.0733299255371,0.9729388952255249
20,Nose,278.3642864227295,420.31469464302063,0.9999759793281555
20,Left Eye,277.7523994445801,393.9802086353302,0.9999448657035828
20,Right Eye,286.0976028442383,388.6703038215637,0.9999569058418274
20,Left Ear,294.7914218902588,382.22691893577576,0.9999301433563232
20,Right Ear,257.10113525390625,399.61368441581726,0.9999390244483948
20,Left Shoulder,444.08288955688477,397.2139549255371,0.9999871253967285
20,Right Shoulder,223.4422731399536,413.37335228919983,0.9999937415122986
20,Left Elbow,499.6615219116211,540.8038902282715,0.9895164370536804
20,Right Elbow,214.69728469848633,545.178165435791,0.9654414653778076
20,Left Wrist,469.9167537689209,660.8175301551819,0.9663830399513245
20,Right Wrist,185.21584510803223,669.8658657073975,0.9756713509559631
20,Left Hip,430.71619033813477,648.8755631446838,0.9996580481529236
20,Right Hip,300.6708812713623,644.799656867981,0.9996488094329834
20,Left Knee,499.25193786621094,796.4240527153015,0.9826967120170593
20,Right Knee,119.9770188331604,776.4258027076721,0.9911126494407654
20,Left Ankle,368.6135673522949,974.5354342460632,0.9443537592887878
20,Right Ankle,267.82642364501953,974.6423578262329,0.9720062017440796
21,Nose,278.6678695678711,421.0700798034668,0.9999765753746033
21,Left Eye,278.2580852508545,394.2883622646332,0.999945878982544
21,Right Eye,286.69724464416504,389.1046607494354,0.9999573230743408
21,Left Ear,295.46796798706055,382.8680419921875,0.9999313950538635
21,Right Ear,257.0581912994385,399.70107078552246,0.9999402761459351
21,Left Shoulder,444.0579414367676,399.7289443016052,0.9999868273735046
21,Right Shoulder,223.34545612335205,416.0923719406128,0.9999937415122986
21,Left Elbow,499.0011978149414,540.4333591461182,0.9894377589225769
21,Right Elbow,214.51982975006104,546.5918612480164,0.9659191370010376
21,Left Wrist,469.9409008026123,661.148407459259,0.9657914042472839
21,Right Wrist,185.193829536438,671.5528249740601,0.9758453369140625
21,Left Hip,430.7256031036377,648.8582468032837,0.9996495246887207
21,Right Hip,300.46194076538086,644.8649311065674,0.999646008014679
21,Left Knee,496.6347885131836,800.273687839508,0.9828342795372009
21,Right Knee,120.1149845123291,777.9480314254761,0.9911527633666992
21,Left Ankle,368.52084159851074,975.9691500663757,0.9444173574447632
21,Right Ankle,266.6579532623291,974.948902130127,0.9721770286560059
22,Nose,277.42252349853516,420.9842383861542,0.9999756813049316
22,Left Eye,276.4093208312988,394.1859769821167,0.9999439716339111
22,Right Eye,284.7996711730957,388.9970290660858,0.999955415725708
22,Left Ear,293.5218143463135,382.81280994415283,0.9999290704727173
22,Right Ear,254.8304843902588,399.5968508720398,0.9999383091926575
22,Left Shoulder,442.55321502685547,399.5069217681885,0.9999867081642151
22,Right Shoulder,221.97522640228271,416.42884969711304,0.999993622303009
22,Left Elbow,498.6153030395508,540.1784420013428,0.9893208146095276
22,Right Elbow,213.54314804077148,546.702196598053,0.9654576778411865
22,Left Wrist,469.89575386047363,661.1060500144958,0.9652385115623474
22,Right Wrist,184.7861623764038,671.5684032440186,0.9754673838615417
22,Left Hip,430.6639766693115,648.835780620575,0.9996418356895447
22,Right Hip,300.30890464782715,644.7890996932983,0.9996382594108582
22,Left Knee,496.55548095703125,799.8112964630127,0.9828771948814392
22,Right Knee,120.0975751876831,778.386025428772,0.990943431854248
22,Left Ankle,368.6399745941162,977.8518033027649,0.9438380599021912
22,Right Ankle,265.49288749694824,974.836699962616,0.9716774821281433
23,Nose,273.03096771240234,420.9353792667389,0.9999747276306152
23,Left Eye,272.0705509185791,393.2921254634857,0.9999421834945679
23,Right Eye,280.39953231811523,388.1429600715637,0.9999536275863647
23,Left Ear,288.79589080810547,382.21436619758606,0.9999271631240845
23,Right Ear,250.64008712768555,398.9401173591614,0.9999361634254456
23,Left Shoulder,441.51612281799316,399.3405818939209,0.9999865889549255
23,Right Shoulder,221.84008598327637,417.0193111896515,0.9999933242797852
23,Left Elbow,498.47476959228516,539.9336636066437,0.9894232153892517
23,Right Elbow,212.5797986984253,546.8090558052063,0.9647438526153564
23,Left Wrist,469.520902633667,661.9557094573975,0.9653597474098206
23,Right Wrist,184.47740077972412,671.5968561172485,0.9748939275741577
23,Left Hip,430.43758392333984,648.7427616119385,0.9996304512023926
23,Right Hip,300.32392501831055,644.7352194786072,0.9996272921562195
23,Left Knee,496.6475486755371,799.7406792640686,0.9828960299491882
23,Right Knee,120.0790786743164,778.4329533576965,0.9908137321472168
23,Left Ankle,367.9541301727295,979.1171836853027,0.943427324295044
23,Right Ankle,265.46141624450684,974.9263715744019,0.9712810516357422
24,Nose,269.1164016723633,420.88027596473694,0.9999743700027466
24,Left Eye,269.37726974487305,393.1282317638397,0.9999412894248962
24,Right Eye,277.72765159606934,387.9512894153595,0.9999527335166931
24,Left Ear,286.0523986816406,382.0751917362213,0.9999262690544128
24,Right Ear,247.89376258850098,398.8988220691681,0.9999351501464844
24,Left Shoulder,440.34899711608887,399.4213378429413,0.999986469745636
24,Right Shoulder,220.6700563430786,418.04606080055237,0.9999932646751404
24,Left Elbow,497.89306640625,539.7506833076477,0.9895168542861938
24,Right Elbow,211.5893840789795,547.259087562561,0.9645719528198242
24,Left Wrist,468.5519313812256,662.9131937026978,0.9654524922370911
24,Right Wrist,184.09093379974365,672.1792387962341,0.9748555421829224
24,Left Hip,430.277681350708,648.673882484436,0.9996252655982971
24,Right Hip,300.2721977233887,644.7013592720032,0.9996244311332703
24,Left Knee,496.6207695007324,801.7652106285095,0.9829907417297363
24,Right Knee,119.90345478057861,779.2667126655579,0.9907403588294983
24,Left Ankle,366.56049728393555,979.4774794578552,0.9430405497550964
24,Right Ankle,265.2440071105957,974.8143625259399,0.9710478186607361
25,Nose,264.0978813171387,421.49255990982056,0.9999738931655884
25,Left Eye,265.88911056518555,393.15571904182434,0.9999402761459351
25,Right Eye,274.5164394378662,387.9759442806244,0.9999516606330872
25,Left Ear,282.93299674987793,382.1269476413727,0.9999248385429382
25,Right Ear,243.88100624084473,398.84716272354126,0.9999338984489441
25,Left Shoulder,439.53789710998535,399.7209620475769,0.9999863505363464
25,Right Shoulder,219.2342233657837,418.4740447998047,0.9999932646751404
25,Left Elbow,497.2858428955078,539.7338175773621,0.9894387125968933
25,Right Elbow,210.5834197998047,547.4895429611206,0.9645211100578308
25,Left Wrist,467.830753326416,663.7034368515015,0.965024471282959
25,Right Wrist,183.65193843841553,672.8200721740723,0.9747147560119629
25,Left Hip,430.06916999816895,648.7003397941589,0.9996243715286255
25,Right Hip,300.1577568054199,644.651083946228,0.9996232390403748
25,Left Knee,496.97656631469727,801.4445686340332,0.9827014207839966
25,Right Knee,119.52754497528076,779.5971393585205,0.9904801845550537
25,Left Ankle,366.50659561157227,980.9265160560608,0.9417963027954102
25,Right Ankle,265.17751693725586,974.7273945808411,0.9701983332633972
26,Nose,262.30464935302734,421.99766278266907,0.9999737739562988
26,Left Eye,264.9074649810791,393.24368476867676,0.9999395608901978
26,Right Eye,273.63555908203125,388.0987358093262,0.9999508857727051
26,Left Ear,282.13165283203125,382.336288690567,0.999923586845398
26,Right Ear,242.3225212097168,398.8548231124878,0.999933123588562
26,Left Shoulder,438.90984535217285,399.87751722335815,0.9999861717224121
26,Right Shoulder,218.22309494018555,418.88896107673645,0.9999932050704956
26,Left Elbow,496.8255043029785,539.4207715988159,0.9894274473190308
26,Right Elbow,209.8833990097046,547.4531078338623,0.964457631111145
26,Left Wrist,467.759370803833,663.7474036216736,0.9645051956176758
26,Right Wrist,183.38519096374512,673.2019329071045,0.974538266658783
26,Left Hip,429.87682342529297,648.6638402938843,0.9996155500411987
26,Right Hip,299.8710536956787,644.6203136444092,0.9996123313903809
26,Left Knee,496.937198638916,801.1184549331665,0.9824234247207642
26,Right Knee,118.93813848495483,780.5124592781067,0.9901461601257324
26,Left Ankle,365.34902572631836,981.0553908348083,0.9404758810997009
26,Right Ankle,265.84324836730957,975.4490160942078,0.9691717028617859
27,Nose,258.1167411804199,422.84571290016174,0.9999743103981018
27,Left Eye,261.13317489624023,393.8752484321594,0.9999407529830933
27,Right Eye,269.5257568359375,388.62807512283325,0.9999517202377319
27,Left Ear,277.6330089569092,382.77347803115845,0.9999250173568726
27,Right Ear,240.07224082946777,399.4227862358093,0.9999343156814575
27,Left Shoulder,438.7844753265381,400.9334599971771,0.9999859929084778
27,Right Shoulder,216.83233737945557,419.2486774921417,0.9999933242797852
27,Left Elbow,496.2217140197754,540.8910512924194,0.9894888997077942
27,Right Elbow,208.64968299865723,548.6613893508911,0.9647469520568848
27,Left Wrist,466.7496871948242,665.9050583839417,0.9645081162452698
27,Right Wrist,182.46501445770264,673.190667629242,0.9746498465538025
27,Left Hip,429.61652755737305,649.6535754203796,0.9996199607849121
27,Right Hip,299.1958236694336,645.1451468467712,0.9996218085289001
27,Left Knee,495.1483154296875,803.5689425468445,0.9825211763381958
27,Right Knee,118.49287748336792,782.866837978363,0.9901827573776245
27,Left Ankle,364.49875831604004,980.9649467468262,0.9400568604469299
27,Right Ankle,265.3465461730957,975.7323217391968,0.9694494605064392
28,Nose,259.00906562805176,423.633348941803,0.999973714351654
28,Left Eye,261.52421951293945,394.51395750045776,0.9999402761459351
28,Right Eye,269.92032051086426,389.0305030345917,0.999951183795929
28,Left Ear,278.09020042419434,382.96579241752625,0.9999247789382935
28,Right Ear,240.37447929382324,400.40579438209534,0.9999333024024963
28,Left Shoulder,438.4580898284912,401.40846848487854,0.9999859929084778
28,Right Shoulder,216.5764331817627,419.742032289505,0.9999932050704956
28,Left Elbow,495.62164306640625,541.7058849334717,0.9895654320716858
28,Right Elbow,207.69936561584473,550.1172494888306,0.9646860957145691
28,Left Wrist,465.6338882446289,666.6788220405579,0.9649180769920349
28,Right Wrist,181.61351680755615,673.3793449401855,0.9744771122932434
28,Left Hip,428.7788486480713,650.7539677619934,0.9996143579483032
28,Right Hip,298.61080169677734,646.3152551651001,0.9996180534362793
28,Left Knee,494.36628341674805,803.3022451400757,0.9824498891830444
28,Right Knee,118.05775165557861,783.4837889671326,0.9902060627937317
28,Left Ankle,364.50087547302246,980.8405137062073,0.9393699765205383
28,Right Ankle,263.79063606262207,975.9603953361511,0.9692969918251038
29,Nose,259.2930793762207,424.0161108970642,0.9999727010726929
29,Left Eye,261.9793224334717,394.78219985961914,0.9999392032623291
29,Right Eye,270.3818893432617,389.11673069000244,0.9999502301216125
29,Left Ear,278.5953140258789,382.95446276664734,0.9999241232872009
29,Right Ear,240.7770824432373,401.0349762439728,0.9999315738677979
29,Left Shoulder,438.2128429412842,401.74604058265686,0.9999861717224121
29,Right Shoulder,216.3297986984253,420.77441453933716,0.9999930262565613
29,Left Elbow,495.117244720459,542.5229072570801,0.989676833152771
29,Right Elbow,207.39408016204834,551.9865131378174,0.964329183101654
29,Left Wrist,464.79406356811523,667.1804809570312,0.9655532240867615
29,Right Wrist,180.90331077575684,673.6161732673645,0.974226713180542
29,Left Hip,428.0406188964844,651.4332318305969,0.9996057152748108
29,Right Hip,298.081111907959,647.7434992790222,0.9996090531349182
29,Left Knee,492.8497123718262,801.5850305557251,0.9824034571647644
29,Right Knee,117.31558799743652,784.3171620368958,0.9901657104492188
29,Left Ankle,364.50831413269043,980.7547044754028,0.9386212825775146
29,Right Ankle,262.8994846343994,976.2104845046997,0.9688510894775391
30,Nose,259.7805404663086,424.32008028030396,0.9999729990959167
30,Left Eye,262.03288078308105,394.94171619415283,0.999940037727356
30,Right Eye,270.4233455657959,389.17840003967285,0.9999509453773499
30,Left Ear,278.64638328552246,382.9554605484009,0.9999253749847412
30,Right Ear,240.80191612243652,401.3595128059387,0.9999321103096008
30,Left Shoulder,438.19353103637695,402.9020833969116,0.9999862909317017
30,Right Shoulder,216.10426425933838,421.71480774879456,0.9999929666519165
30,Left Elbow,494.8356056213379,544.161651134491,0.9898555278778076
30,Right Elbow,207.08491802215576,552.2472238540649,0.9642822742462158
30,Left Wrist,464.67166900634766,668.1791639328003,0.966152012348175
30,Right Wrist,180.86827754974365,673.8154721260071,0.9741756319999695
30,Left Hip,427.4436378479004,653.0345749855042,0.9996035695075989
30,Right Hip,297.3464298248291,648.6169767379761,0.9996072053909302
30,Left Knee,491.9592475891113,802.5571274757385,0.9825518727302551
30,Right Knee,116.74636602401733,784.7314667701721,0.9902119636535645
30,Left Ankle,364.18853759765625,980.7276034355164,0.9383100271224976
30,Right Ankle,262.9841709136963,976.4655947685242,0.9687736630439758
31,Nose,257.22716331481934,425.0574731826782,0.9999728798866272
31,Left Eye,259.6231269836426,395.74177622795105,0.9999396800994873
31,Right Eye,267.93182373046875,390.14769673347473,0.9999510645866394
31,Left Ear,276.1076545715332,384.0949273109436,0.9999250173568726
31,Right Ear,239.48884963989258,401.85399413108826,0.9999310374259949
31,Left Shoulder,438.1886100769043,403.3942472934723,0.9999867081642151
31,Right Shoulder,216.28254890441895,421.41080617904663,0.9999930262565613
31,Left Elbow,494.5858955383301,544.4559645652771,0.990039050579071
31,Right Elbow,207.19666957855225,551.9034719467163,0.9644466042518616
31,Left Wrist,464.85620498657227,668.0958652496338,0.967292308807373
31,Right Wrist,180.90489864349365,674.3187403678894,0.9745856523513794
31,Left Hip,427.2076892852783,653.3409261703491,0.9996113181114197
31,Right Hip,297.2976779937744,648.691713809967,0.999610960483551
31,Left Knee,492.08593368530273,802.4138975143433,0.9826744794845581
31,Right Knee,116.62432909011841,783.8981580734253,0.9902580976486206
31,Left Ankle,364.3278121948242,980.8158588409424,0.9385916590690613
31,Right Ankle,262.9065227508545,976.3582849502563,0.968756914138794
32,Nose,255.67440032958984,425.32713174819946,0.9999714493751526
32,Left Eye,257.75041580200195,395.9633159637451,0.9999368786811829
32,Right Eye,266.0430908203125,390.45713782310486,0.9999488592147827
32,Left Ear,274.1320323944092,384.47839736938477,0.9999222755432129
32,Right Ear,238.0650758743286,401.91991209983826,0.9999271631240845
32,Left Shoulder,438.19021224975586,403.5431742668152,0.9999868273735046
32,Right Shoulder,216.7737579345703,421.4356219768524,0.999992847442627
32,Left Elbow,494.4192695617676,544.4423174858093,0.990115225315094
32,Right Elbow,207.9412078857422,553.1882929801941,0.964303731918335
32,Left Wrist,465.7145404815674,668.0446243286133,0.9680331945419312
32,Right Wrist,181.6391086578369,676.089448928833,0.9746280312538147
32,Left Hip,427.2575569152832,653.5576701164246,0.9996052384376526
32,Right Hip,297.69312858581543,649.2965626716614,0.9996057748794556
32,Left Knee,491.6406440734863,802.5111651420593,0.982648491859436
32,Right Knee,117.31952905654907,783.4202527999878,0.9903006553649902
32,Left Ankle,364.62472915649414,982.0674633979797,0.9384550452232361
32,Right Ankle,262.65395164489746,976.3548731803894,0.968515932559967
33,Nose,252.39129066467285,426.9593417644501,0.9999710917472839
33,Left Eye,254.8194980621338,397.8775119781494,0.9999359250068665
33,Right Eye,263.1089973449707,392.36348032951355,0.9999481439590454
33,Left Ear,271.1053276062012,386.317663192749,0.9999210834503174
33,Right Ear,235.789532661438,403.6258935928345,0.9999256134033203
33,Left Shoulder,438.1094169616699,403.82789611816406,0.9999869465827942
33,Right Shoulder,216.85293674468994,421.5604090690613,0.999992847442627
33,Left Elbow,494.05385971069336,544.4846749305725,0.9901278614997864
33,Right Elbow,208.05204391479492,553.9713907241821,0.9639861583709717
33,Left Wrist,466.09837532043457,667.988748550415,0.9683698415756226
33,Right Wrist,181.6931390762329,678.0551433563232,0.9746510982513428
33,Left Hip,427.26030349731445,654.4565105438232,0.9996070265769958
33,Right Hip,297.72130966186523,649.9650764465332,0.9996092319488525
33,Left Knee,491.67354583740234,803.2983183860779,0.9827461242675781
33,Right Knee,117.2408938407898,783.4452939033508,0.9903333187103271
33,Left Ankle,365.015287399292,983.8873529434204,0.9385783672332764
33,Right Ankle,262.91699409484863,977.9682540893555,0.9686228632926941
34,Nose,251.68187141418457,428.5914874076843,0.9999707937240601
34,Left Eye,253.99120330810547,399.9298846721649,0.9999352097511292
34,Right Eye,262.27460861206055,394.42673206329346,0.9999476671218872
34,Left Ear,270.27414321899414,388.3635342121124,0.999920129776001
34,Right Ear,235.25656700134277,405.7114827632904,0.9999245405197144
34,Left Shoulder,438.0812644958496,404.1157078742981,0.9999871253967285
34,Right Shoulder,216.918625831604,423.154639005661,0.9999927878379822
34,Left Elbow,493.91109466552734,544.263231754303,0.9901977777481079
34,Right Elbow,208.0766487121582,555.6854510307312,0.9634655714035034
34,Left Wrist,466.6377067565918,667.9266929626465,0.9689636826515198
34,Right Wrist,181.69189453125,679.3438911437988,0.974644660949707
34,Left Hip,427.3714828491211,654.9884247779846,0.9996108412742615
34,Right Hip,297.7493190765381,650.7855749130249,0.9996123313903809
34,Left Knee,492.7690315246582,803.5560035705566,0.9828236103057861
34,Right Knee,117.20414400100708,783.4369897842407,0.9901888370513916
34,Left Ankle,365.04109382629395,984.2086386680603,0.9382596015930176
34,Right Ankle,263.53468894958496,978.9322400093079,0.968372642993927
35,Nose,252.19943046569824,429.38047528266907,0.9999707937240601
35,Left Eye,254.3601894378662,400.81218123435974,0.999935507774353
35,Right Eye,262.640905380249,395.18282532691956,0.9999477863311768
35,Left Ear,270.68126678466797,388.96960616111755,0.9999203681945801
35,Right Ear,235.51730632781982,406.7838728427887,0.9999246597290039
35,Left Shoulder,437.951717376709,404.12591099739075,0.9999871850013733
35,Right Shoulder,216.86455249786377,425.3096544742584,0.9999926090240479
35,Left Elbow,493.93198013305664,544.1543126106262,0.9903744459152222
35,Right Elbow,207.4211883544922,557.5595426559448,0.9630336761474609
35,Left Wrist,466.15782737731934,668.8288164138794,0.9698560833930969
35,Right Wrist,181.49462699890137,680.2879214286804,0.9746475219726562
35,Left Hip,427.4648380279541,657.6347351074219,0.999614417552948
35,Right Hip,297.6679801940918,652.8050851821899,0.9996172189712524
35,Left Knee,492.5394058227539,806.8629097938538,0.983004629611969
35,Right Knee,116.46526336669922,785.5340051651001,0.9901935458183289
35,Left Ankle,364.5504856109619,984.1061568260193,0.9382258653640747
35,Right Ankle,262.45619773864746,979.5148158073425,0.96870356798172
36,Nose,251.4916706085205,432.43870854377747,0.9999701976776123
36,Left Eye,252.73990631103516,404.430330991745,0.9999340772628784
36,Right Eye,260.87090492248535,398.5827827453613,0.9999462366104126
36,Left Ear,268.89538764953613,391.9648826122284,0.9999188780784607
36,Right Ear,234.75244045257568,410.2702510356903,0.9999229907989502
36,Left Shoulder,437.66758918762207,405.9435796737671,0.9999871850013733
36,Right Shoulder,216.12187385559082,425.1394200325012,0.9999927282333374
36,Left Elbow,492.2328758239746,548.6492228507996,0.9903387427330017
36,Right Elbow,206.16753101348877,559.0795826911926,0.9630122184753418
36,Left Wrist,464.483642578125,668.777961730957,0.9701116681098938
36,Right Wrist,180.08688926696777,680.7374382019043,0.9745873808860779
36,Left Hip,425.70556640625,659.3814969062805,0.9996085166931152
36,Right Hip,296.07470512390137,655.6795978546143,0.9996182918548584
36,Left Knee,491.7155456542969,802.6094627380371,0.9826105237007141
36,Right Knee,115.35606622695923,786.1529517173767,0.9898833632469177
36,Left Ankle,364.59692001342773,984.1301679611206,0.9356905221939087
36,Right Ankle,262.12735176086426,981.629147529602,0.9676741361618042
37,Nose,250.67313194274902,435.6783449649811,0.9999703764915466
37,Left Eye,252.04015731811523,407.910658121109,0.9999339580535889
37,Right Eye,260.12423515319824,402.0427358150482,0.9999457597732544
37,Left Ear,268.08600425720215,395.36278009414673,0.9999184012413025
37,Right Ear,234.0167999267578,413.49833250045776,0.9999234080314636
37,Left Shoulder,436.7597007751465,406.9601261615753,0.9999870657920837
37,Right Shoulder,214.31633949279785,425.03915905952454,0.9999929070472717
37,Left Elbow,491.15861892700195,548.9388370513916,0.9902439117431641
37,Right Elbow,205.14983654022217,559.5925068855286,0.9631872773170471
37,Left Wrist,463.8321304321289,668.7360548973083,0.9699732065200806
37,Right Wrist,179.17616844177246,681.8478083610535,0.9747944474220276
37,Left Hip,424.7592544555664,659.5078611373901,0.9996069669723511
37,Right Hip,295.33098220825195,656.7145228385925,0.9996222853660583
37,Left Knee,489.5199966430664,802.4312782287598,0.982525646686554
37,Right Knee,114.28876161575317,789.0084099769592,0.989605724811554
37,Left Ankle,364.86056327819824,983.2447814941406,0.9347293376922607
37,Right Ankle,260.29995918273926,982.7605032920837,0.9673467874526978
38,Nose,250.74731826782227,436.79869294166565,0.9999707341194153
38,Left Eye,252.02187538146973,409.2225158214569,0.9999349117279053
38,Right Eye,260.19018173217773,403.39991211891174,0.999946653842926
38,Left Ear,268.25037002563477,396.74023389816284,0.9999199509620667
38,Right Ear,233.6824893951416,414.85013365745544,0.9999241232872009
38,Left Shoulder,436.4073085784912,408.51232051849365,0.9999874830245972
38,Right Shoulder,213.13711166381836,426.02213501930237,0.999992847442627
38,Left Elbow,491.17137908935547,551.7301154136658,0.990601658821106
38,Right Elbow,205.1017427444458,561.0137343406677,0.9626969695091248
38,Left Wrist,463.22047233581543,671.1445069313049,0.9712652564048767
38,Right Wrist,178.8982057571411,683.2074308395386,0.9751234650611877
38,Left Hip,423.8788890838623,662.8405165672302,0.9996092319488525
38,Right Hip,294.1564750671387,660.3794074058533,0.9996216893196106
38,Left Knee,487.4026679992676,806.1254525184631,0.9827755093574524
38,Right Knee,113.96836280822754,791.2309527397156,0.9895163178443909
38,Left Ankle,364.623384475708,983.2100200653076,0.9342823624610901
38,Right Ankle,260.22302627563477,983.6300539970398,0.9669917821884155
39,Nose,249.60359573364258,437.0938754081726,0.9999701380729675
39,Left Eye,250.3645420074463,409.1124379634857,0.999933660030365
39,Right Eye,258.5800552368164,403.3012282848358,0.999945878982544
39,Left Ear,266.74610137939453,396.6425156593323,0.9999189972877502
39,Right Ear,232.56922245025635,414.7564387321472,0.9999222159385681
39,Left Shoulder,435.71505546569824,408.89633774757385,0.9999877214431763
39,Right Shoulder,213.03277015686035,429.1778612136841,0.9999925494194031
39,Left Elbow,491.0790252685547,551.6566014289856,0.9909328818321228
39,Right Elbow,204.88821029663086,563.0011224746704,0.9622997045516968
39,Left Wrist,463.2327175140381,671.9046235084534,0.9725853800773621
39,Right Wrist,178.87794971466064,684.7400236129761,0.9754016399383545
39,Left Hip,423.6763858795166,664.7216248512268,0.9996033906936646
39,Right Hip,293.7114143371582,662.2666954994202,0.9996152520179749
39,Left Knee,487.5172805786133,812.903094291687,0.98291015625
39,Right Knee,113.60773801803589,792.4603486061096,0.9893218874931335
39,Left Ankle,363.8313961029053,983.3239603042603,0.9325539469718933
39,Right Ankle,260.24797439575195,985.5700635910034,0.9662701487541199
40,Nose,249.7089958190918,438.27911138534546,0.9999701976776123
40,Left Eye,250.60169219970703,410.12109875679016,0.9999338984489441
40,Right Eye,258.83256912231445,404.17486667633057,0.9999461770057678
40,Left Ear,267.0025634765625,397.38077759742737,0.999919593334198
40,Right Ear,232.60735988616943,416.1828804016113,0.999921977519989
40,Left Shoulder,435.4562473297119,409.7818851470947,0.9999880790710449
40,Right Shoulder,212.95012950897217,431.3901364803314,0.9999923706054688
40,Left Elbow,491.0299873352051,551.2689471244812,0.9911869764328003
40,Right Elbow,204.856538772583,564.5838618278503,0.9619472622871399
40,Left Wrist,463.2433605194092,673.0424809455872,0.9736204147338867
40,Right Wrist,178.8786506652832,685.8190441131592,0.9754779934883118
40,Left Hip,423.5727882385254,665.8285188674927,0.9996052980422974
40,Right Hip,293.4784984588623,663.2796049118042,0.9996138215065002
40,Left Knee,487.6476860046387,815.9454917907715,0.983067512512207
40,Right Knee,113.40079307556152,793.4995865821838,0.9891982078552246
40,Left Ankle,363.4134864807129,984.5189809799194,0.9319936633110046
40,Right Ankle,260.27649879455566,986.653847694397,0.9658306837081909
41,Nose,249.82970237731934,439.1511082649231,0.9999703764915466
41,Left Eye,250.6577968597412,410.7915437221527,0.9999344348907471
41,Right Eye,258.81274223327637,404.83423948287964,0.9999464750289917
41,Left Ear,266.87596321105957,398.0365455150604,0.9999203085899353
41,Right Ear,232.73048400878906,416.93456411361694,0.9999223947525024
41,Left Shoulder,435.2808094024658,410.8214771747589,0.9999882578849792
41,Right Shoulder,212.91985988616943,432.5936543941498,0.999992311000824
41,Left Elbow,490.9552574157715,550.9734749794006,0.9913221597671509
41,Right Elbow,204.65854167938232,565.9047317504883,0.9617323875427246
41,Left Wrist,463.2601261138916,674.4718194007874,0.9740156531333923
41,Right Wrist,178.86061191558838,687.4108600616455,0.975344717502594
41,Left Hip,423.5855484008789,666.906316280365,0.999606192111969
41,Right Hip,293.49843978881836,663.7391638755798,0.9996143579483032
41,Left Knee,487.7460479736328,817.7637720108032,0.9831876158714294
41,Right Knee,113.26505184173584,795.1707100868225,0.9890708327293396
41,Left Ankle,363.3170413970947,987.0101523399353,0.9320651888847351
41,Right Ankle,260.4315376281738,988.1921052932739,0.9655942320823669
42,Nose,249.73760604858398,439.31838154792786,0.9999710321426392
42,Left Eye,250.506591796875,410.9764230251312,0.9999356269836426
42,Right Eye,258.62677574157715,405.1085329055786,0.9999472498893738
42,Left Ear,266.6432762145996,398.40025305747986,0.9999213814735413
42,Right Ear,232.70921230316162,417.03102707862854,0.9999238848686218
42,Left Shoulder,434.98332023620605,411.4692950248718,0.9999881386756897
42,Right Shoulder,212.80298709869385,432.63192415237427,0.999992311000824
42,Left Elbow,490.90003967285156,550.2463817596436,0.9912272691726685
42,Right Elbow,204.21183586120605,566.2853693962097,0.9618169069290161
42,Left Wrist,463.32180976867676,675.5330085754395,0.9737299680709839
42,Right Wrist,178.8316297531128,688.7456345558167,0.9752354025840759
42,Left Hip,423.8441276550293,667.1377372741699,0.9996103644371033
42,Right Hip,293.51048469543457,663.5748195648193,0.9996200203895569
42,Left Knee,487.77992248535156,818.1410622596741,0.9831933975219727
42,Right Knee,113.1657886505127,796.3873600959778,0.9890385866165161
42,Left Ankle,362.9596424102783,988.7124967575073,0.932530403137207
42,Right Ankle,261.0545253753662,990.4734206199646,0.9658370614051819
43,Nose,251.27022743225098,439.31281328201294,0.9999709725379944
43,Left Eye,251.7761993408203,410.8552086353302,0.9999356865882874
43,Right Eye,259.9409580230713,404.97193336486816,0.9999472498893738
43,Left Ear,267.9733085632324,398.2647478580475,0.9999215602874756
43,Right Ear,233.4619903564453,416.991308927536,0.9999239444732666
43,Left Shoulder,434.6067237854004,411.4680075645447,0.9999882578849792
43,Right Shoulder,212.82465934753418,433.4529376029968,0.9999921321868896
43,Left Elbow,491.2203598022461,549.2128086090088,0.9912933111190796
43,Right Elbow,204.21247959136963,567.033383846283,0.9614462852478027
43,Left Wrist,463.79651069641113,675.4294967651367,0.974075973033905
43,Right Wrist,178.76253604888916,689.9976897239685,0.9749236702919006
43,Left Hip,424.557580947876,667.4059152603149,0.999606728553772
43,Right Hip,294.7372627258301,663.7755990028381,0.9996162056922913
43,Left Knee,488.77601623535156,817.6253056526184,0.9831669926643372
43,Right Knee,113.17829132080078,796.1793065071106,0.9889969825744629
43,Left Ankle,362.7356815338135,990.0849294662476,0.9320608973503113
43,Right Ankle,261.37081146240234,991.3934397697449,0.9656373858451843
44,Nose,253.3165168762207,439.29176330566406,0.9999710917472839
44,Left Eye,253.64630699157715,410.75810194015503,0.9999361634254456
44,Right Eye,262.0158576965332,404.86414074897766,0.9999476075172424
44,Left Ear,270.19984245300293,398.15850019454956,0.9999221563339233
44,Right Ear,234.2070722579956,416.9128382205963,0.9999245405197144
44,Left Shoulder,434.5777702331543,411.83165073394775,0.9999884366989136
44,Right Shoulder,212.80494689941406,434.80889081954956,0.9999920725822449
44,Left Elbow,491.49438858032227,549.173219203949,0.9914134740829468
44,Right Elbow,204.28616523742676,568.0750679969788,0.9614430665969849
44,Left Wrist,464.0724277496338,675.6868600845337,0.9744962453842163
44,Right Wrist,178.76107692718506,690.9757733345032,0.9749294519424438
44,Left Hip,425.26768684387207,667.9838562011719,0.9996084570884705
44,Right Hip,295.5326557159424,663.826003074646,0.9996175169944763
44,Left Knee,488.8113212585449,817.1303415298462,0.9833194613456726
44,Right Knee,113.14319372177124,796.1249756813049,0.9891502857208252
44,Left Ankle,363.0787467956543,990.9888553619385,0.932595431804657
44,Right Ankle,261.0665988922119,991.075758934021,0.9661176800727844
45,Nose,253.3337116241455,439.62769389152527,0.9999709129333496
45,Left Eye,253.65400314331055,411.02267503738403,0.999936044216156
45,Right Eye,262.0452404022217,405.1002609729767,0.9999474287033081
45,Left Ear,270.24882316589355,398.38319420814514,0.9999223351478577
45,Right Ear,234.20904636383057,417.21590638160706,0.9999244809150696
45,Left Shoulder,434.7153568267822,412.53122448921204,0.9999886155128479
45,Right Shoulder,213.19790840148926,435.51174759864807,0.9999920725822449
45,Left Elbow,491.60579681396484,549.7212910652161,0.9915072917938232
45,Right Elbow,205.571551322937,569.6514987945557,0.9612259864807129
45,Left Wrist,464.5718193054199,675.6714105606079,0.9750314950942993
45,Right Wrist,179.20231819152832,691.5495300292969,0.9749863743782043
45,Left Hip,426.00823402404785,668.3248400688171,0.9996045827865601
45,Right Hip,296.5173053741455,664.3313312530518,0.9996157884597778
45,Left Knee,488.71742248535156,813.5501074790955,0.9833754897117615
45,Right Knee,113.69994878768921,795.8118009567261,0.9892160892486572
45,Left Ankle,363.94715309143066,991.0209131240845,0.9325165152549744
45,Right Ankle,260.7426452636719,990.8078384399414,0.9661018252372742
46,Nose,253.17838668823242,439.9927532672882,0.9999700784683228
46,Left Eye,253.54891777038574,411.6119134426117,0.9999338388442993
46,Right Eye,261.9714546203613,405.64044713974,0.999945342540741
46,Left Ear,270.2003860473633,398.87139916419983,0.9999196529388428
46,Right Ear,234.19687271118164,417.8792381286621,0.9999222755432129
46,Left Shoulder,434.7221088409424,412.68024802207947,0.9999884366989136
46,Right Shoulder,213.34414958953857,435.30810356140137,0.9999921321868896
46,Left Elbow,491.60436630249023,549.6663165092468,0.9914337992668152
46,Right Elbow,206.23711109161377,569.6175742149353,0.9609612226486206
46,Left Wrist,464.88226890563965,675.6089043617249,0.9748623967170715
46,Right Wrist,179.45621967315674,691.5951704978943,0.9747927188873291
46,Left Hip,426.154203414917,668.3267068862915,0.999603271484375
46,Right Hip,296.56299591064453,664.4090294837952,0.9996189475059509
46,Left Knee,488.8674545288086,812.9932808876038,0.9834579229354858
46,Right Knee,114.1556167602539,795.6855010986328,0.9892505407333374
46,Left Ankle,365.1544189453125,991.0413837432861,0.9326955676078796
46,Right Ankle,260.58603286743164,990.6686639785767,0.9663448929786682
47,Nose,253.16991806030273,440.2440333366394,0.9999698996543884
47,Left Eye,253.55355262756348,411.87719464302063,0.9999333620071411
47,Right Eye,261.97391510009766,405.8467948436737,0.9999447464942932
47,Left Ear,270.20238876342773,399.0342307090759,0.9999191164970398
47,Right Ear,234.20538425445557,418.24384689331055,0.9999217987060547
47,Left Shoulder,434.7553825378418,413.0421209335327,0.9999884366989136
47,Right Shoulder,213.78254413604736,434.7391748428345,0.9999921917915344
47,Left Elbow,490.97951889038086,549.6098613739014,0.991340160369873
47,Right Elbow,206.70544624328613,569.1882705688477,0.9606598019599915
47,Left Wrist,464.9234104156494,675.5148553848267,0.974858283996582
47,Right Wrist,179.56096172332764,691.1593008041382,0.9746959805488586
47,Left Hip,426.41796112060547,668.073399066925,0.9996070265769958
47,Right Hip,296.577787399292,664.1259169578552,0.999625563621521
47,Left Knee,488.8959503173828,813.500669002533,0.9836599230766296
47,Right Knee,114.3449878692627,795.6148195266724,0.9893162846565247
47,Left Ankle,365.19701957702637,990.933108329773,0.9334713220596313
47,Right Ankle,260.80166816711426,990.4899644851685,0.9667156934738159
48,Nose,255.28870582580566,440.06024837493896,0.9999707341194153
48,Left Eye,256.33801460266113,411.51007533073425,0.9999352097511292
48,Right Eye,265.0638198852539,405.4515767097473,0.9999462366104126
48,Left Ear,273.6229133605957,398.65121126174927,0.9999211430549622
48,Right Ear,235.3204107284546,418.0797600746155,0.9999243021011353
48,Left Shoulder,434.7564697265625,413.01579236984253,0.9999886155128479
48,Right Shoulder,213.7899112701416,434.52272057533264,0.9999924302101135
48,Left Elbow,491.158504486084,546.3638520240784,0.9912363290786743
48,Right Elbow,206.84163093566895,568.6902809143066,0.9611279964447021
48,Left Wrist,464.9359130859375,673.642566204071,0.974768340587616
48,Right Wrist,179.5350980758667,691.1022019386292,0.9749480485916138
48,Left Hip,427.1190547943115,667.8338027000427,0.9996140599250793
48,Right Hip,296.85410499572754,663.8144159317017,0.9996324777603149
48,Left Knee,489.45911407470703,810.209469795227,0.9839296340942383
48,Right Knee,114.60221529006958,793.7265658378601,0.9895387887954712
48,Left Ankle,366.13088607788086,990.4544305801392,0.9345743656158447
48,Right Ankle,261.00096702575684,990.4500532150269,0.9674198031425476
49,Nose,255.26244163513184,439.2070806026459,0.9999710917472839
49,Left Eye,256.3136672973633,410.54290294647217,0.9999358057975769
49,Right Eye,265.03403663635254,404.7463381290436,0.9999462962150574
49,Left Ear,273.5624027252197,398.1232559680939,0.9999215006828308
49,Right Ear,235.1444149017334,416.42627477645874,0.9999259114265442
49,Left Shoulder,434.40545082092285,413.0294394493103,0.9999877214431763
49,Right Shoulder,212.9767084121704,433.6742842197418,0.9999926686286926
49,Left Elbow,490.9145736694336,546.7975330352783,0.9908056855201721
49,Right Elbow,205.92628955841064,567.3627161979675,0.9616878628730774
49,Left Wrist,463.33179473876953,673.2608342170715,0.9724768996238708
49,Right Wrist,178.1537389755249,688.4603977203369,0.9750019311904907
49,Left Hip,426.0460567474365,666.2405705451965,0.9996094107627869
49,Right Hip,295.089054107666,663.3434629440308,0.9996382594108582
49,Left Knee,450.28470039367676,804.7411108016968,0.9840220212936401
49,Right Knee,113.51288080215454,796.9007992744446,0.9897236824035645
49,Left Ankle,365.952787399292,989.9939703941345,0.9354053139686584
49,Right Ankle,260.10220527648926,990.3057932853699,0.9681989550590515
50,Nose,253.4685230255127,438.98106694221497,0.9999719858169556
50,Left Eye,254.94684219360352,409.92167115211487,0.9999374747276306
50,Right Eye,263.7311840057373,404.21255707740784,0.9999473094940186
50,Left Ear,272.2378349304199,397.71661162376404,0.9999229907989502
50,Right Ear,233.39964866638184,415.6511914730072,0.99992835521698
50,Left Shoulder,431.76501274108887,413.01698327064514,0.9999869465827942
50,Right Shoulder,210.4306697845459,433.7198281288147,0.999992847442627
50,Left Elbow,489.9503517150879,544.9809265136719,0.9902409315109253
50,Right Elbow,203.42647075653076,567.2975063323975,0.9623440504074097
50,Left Wrist,461.3492488861084,672.4036431312561,0.969854474067688
50,Right Wrist,176.58390998840332,688.4559559822083,0.9747923612594604
50,Left Hip,423.53631019592285,665.2937078475952,0.9996139407157898
50,Right Hip,291.8272304534912,663.2122707366943,0.9996457695960999
50,Left Knee,452.3192882537842,804.9899768829346,0.9838811159133911
50,Right Knee,110.49612522125244,797.952139377594,0.9897314310073853
50,Left Ankle,364.59314346313477,989.9415063858032,0.9360820055007935
50,Right Ankle,259.11197662353516,990.3919887542725,0.9685781598091125
51,Nose,250.05852699279785,438.9601457118988,0.9999725222587585
51,Left Eye,250.99345207214355,409.90493416786194,0.9999384880065918
51,Right Eye,259.3201160430908,404.2097568511963,0.9999479651451111
51,Left Ear,267.5038146972656,397.73685693740845,0.9999240636825562
51,Right Ear,231.5329885482788,415.59470415115356,0.9999299049377441
51,Left Shoulder,431.40807151794434,413.13295125961304,0.9999865889549255
51,Right Shoulder,210.4291534423828,433.5123860836029,0.9999930262565613
51,Left Elbow,489.8892402648926,545.3068470954895,0.9899224042892456
51,Right Elbow,203.42885971069336,566.8292570114136,0.9626603722572327
51,Left Wrist,461.44749641418457,672.0967769622803,0.9687290191650391
51,Right Wrist,176.527361869812,688.4537672996521,0.9746098518371582
51,Left Hip,423.56237411499023,665.4104804992676,0.9996167421340942
51,Right Hip,291.8587875366211,663.1890964508057,0.9996529221534729
51,Left Knee,467.92920112609863,809.168107509613,0.9839298725128174
51,Right Knee,110.5772066116333,797.8313755989075,0.9898172616958618
51,Left Ankle,364.0633964538574,989.5553970336914,0.9363498687744141
51,Right Ankle,259.1241931915283,990.3431940078735,0.9689670205116272
52,Nose,250.40428161621094,439.15326476097107,0.9999729990959167
52,Left Eye,251.6392707824707,409.98079776763916,0.9999398589134216
52,Right Eye,260.05167961120605,404.24516201019287,0.999949038028717
52,Left Ear,268.3637523651123,397.75166273117065,0.9999259114265442
52,Right Ear,231.8692445755005,415.7839286327362,0.9999316334724426
52,Left Shoulder,431.49584770202637,414.0304720401764,0.9999868273735046
52,Right Shoulder,210.51641464233398,435.55136919021606,0.9999931454658508
52,Left Elbow,489.89696502685547,546.150712966919,0.9901431798934937
52,Right Elbow,203.46330642700195,567.3749470710754,0.9629704356193542
52,Left Wrist,461.48454666137695,672.0927858352661,0.9693559408187866
52,Right Wrist,176.54130935668945,689.2431735992432,0.9749385714530945
52,Left Hip,423.62926483154297,665.552487373352,0.9996143579483032
52,Right Hip,291.9587802886963,663.3150744438171,0.9996523857116699
52,Left Knee,472.4915885925293,810.3113722801208,0.9841826558113098
52,Right Knee,110.6710410118103,799.5294713973999,0.9899571537971497
52,Left Ankle,364.0774726867676,989.5094990730286,0.9365355372428894
52,Right Ankle,259.1404724121094,991.0977101325989,0.9691594243049622
53,Nose,250.9874153137207,439.9146044254303,0.9999731183052063
53,Left Eye,251.97489738464355,411.0361933708191,0.9999399185180664
53,Right Eye,260.473108291626,405.1706850528717,0.9999492168426514
53,Left Ear,268.9095211029053,398.5317027568817,0.9999262094497681
53,Right Ear,232.0135259628296,417.06050992012024,0.999931275844574
53,Left Shoulder,431.52737617492676,415.1058876514435,0.9999871850013733
53,Right Shoulder,210.5507469177246,435.6854259967804,0.9999932050704956
53,Left Elbow,489.8594284057617,547.3315072059631,0.9904539585113525
53,Right Elbow,203.49859714508057,567.3482966423035,0.9636157751083374
53,Left Wrist,461.561222076416,672.4411725997925,0.9704259634017944
53,Right Wrist,176.5768003463745,689.4431161880493,0.9753432869911194
53,Left Hip,423.45099449157715,666.1769700050354,0.9996166825294495
53,Right Hip,291.60435676574707,664.2260813713074,0.9996540546417236
53,Left Knee,477.33570098876953,813.055272102356,0.9841992855072021
53,Right Knee,110.72760343551636,800.9505701065063,0.9900642037391663
53,Left Ankle,363.1095600128174,989.5794725418091,0.9364337921142578
53,Right Ankle,259.2040729522705,992.7276992797852,0.9693093299865723
54,Nose,251.04154586791992,440.3752899169922,0.9999732375144958
54,Left Eye,251.9692611694336,411.6309356689453,0.9999403953552246
54,Right Eye,260.4927349090576,405.8544874191284,0.9999495148658752
54,Left Ear,268.93238067626953,399.27987813949585,0.9999271035194397
54,Right Ear,232.0652961730957,417.4258589744568,0.9999313354492188
54,Left Shoulder,431.6774082183838,415.6658363342285,0.9999874234199524
54,Right Shoulder,210.277361869812,437.38561391830444,0.9999932050704956
54,Left Elbow,489.927921295166,550.0785613059998,0.9906405806541443
54,Right Elbow,203.52108478546143,567.9342842102051,0.9635993242263794
54,Left Wrist,461.48423194885254,676.2586212158203,0.9708460569381714
54,Right Wrist,176.60176277160645,690.8674335479736,0.9751211404800415
54,Left Hip,423.48029136657715,666.2443041801453,0.9996169209480286
54,Right Hip,291.5079116821289,664.3251514434814,0.9996556043624878
54,Left Knee,480.23935317993164,815.9785151481628,0.9840303063392639
54,Right Knee,110.83096504211426,802.5928544998169,0.9900091290473938
54,Left Ankle,363.19799423217773,991.8940043449402,0.9351868629455566
54,Right Ankle,260.11324882507324,994.6046233177185,0.9688348770141602
55,Nose,249.7895908355713,441.41343355178833,0.9999733567237854
55,Left Eye,250.75201034545898,412.48706459999084,0.9999406933784485
55,Right Eye,259.269962310791,406.92546129226685,0.9999496340751648
55,Left Ear,267.72388458251953,400.67461609840393,0.9999275207519531
55,Right Ear,231.6204071044922,417.9839086532593,0.9999314546585083
55,Left Shoulder,431.82626724243164,416.8596339225769,0.9999874830245972
55,Right Shoulder,210.29534339904785,439.35755252838135,0.9999932050704956
55,Left Elbow,489.94640350341797,553.0852317810059,0.9907519817352295
55,Right Elbow,203.4673261642456,570.6837844848633,0.9635783433914185
55,Left Wrist,461.4613723754883,679.4742465019226,0.9711516499519348
55,Right Wrist,176.59810066223145,693.137354850769,0.9751574993133545
55,Left Hip,423.358211517334,668.045654296875,0.9996163845062256
55,Right Hip,291.46276473999023,665.9570717811584,0.9996559619903564
55,Left Knee,480.60813903808594,818.2936263084412,0.9840176105499268
55,Right Knee,110.87076902389526,803.3551597595215,0.9898880124092102
55,Left Ankle,363.35766792297363,992.4000406265259,0.9345767498016357
55,Right Ankle,260.1204299926758,995.8456707000732,0.9683898091316223
56,Nose,249.88926887512207,443.4234809875488,0.999973475933075
56,Left Eye,251.3144874572754,414.5083773136139,0.9999410510063171
56,Right Eye,259.9835014343262,409.0053856372833,0.9999499320983887
56,Left Ear,268.4963893890381,402.8661632537842,0.9999282360076904
56,Right Ear,231.9898223876953,420.1644480228424,0.999931812286377
56,Left Shoulder,432.0058822631836,419.248902797699,0.9999877214431763
56,Right Shoulder,210.79097270965576,441.4271128177643,0.9999932050704956
56,Left Elbow,489.99372482299805,556.5712881088257,0.9909459352493286
56,Right Elbow,203.1584644317627,572.849292755127,0.963830828666687
56,Left Wrist,461.478853225708,681.2062668800354,0.971815824508667
56,Right Wrist,176.59924507141113,694.7565293312073,0.9754843711853027
56,Left Hip,423.28548431396484,669.0675115585327,0.9996088743209839
56,Right Hip,291.49523735046387,667.576310634613,0.9996492266654968
56,Left Knee,480.98453521728516,817.4675917625427,0.9838181138038635
56,Right Knee,110.92153072357178,803.763735294342,0.9896525740623474
56,Left Ankle,363.93101692199707,993.218994140625,0.9328169226646423
56,Right Ankle,260.18649101257324,997.0867824554443,0.9673064947128296
57,Nose,251.00289344787598,445.5639159679413,0.999973714351654
57,Left Eye,253.20347785949707,416.7373251914978,0.9999417662620544
57,Right Eye,262.13215827941895,411.20816588401794,0.9999504685401917
57,Left Ear,270.8070373535156,405.0701665878296,0.9999290704727173
57,Right Ear,232.80107975006104,422.9106330871582,0.9999328255653381
57,Left Shoulder,432.12392807006836,419.8583221435547,0.9999879598617554
57,Right Shoulder,211.23501777648926,443.73536825180054,0.9999932646751404
57,Left Elbow,489.4420623779297,558.0027508735657,0.9911273717880249
57,Right Elbow,203.16803455352783,575.0516867637634,0.9642767906188965
57,Left Wrist,461.64012908935547,682.6844000816345,0.972511351108551
57,Right Wrist,176.67178630828857,696.5896153450012,0.9760971069335938
57,Left Hip,423.2234287261963,671.2903761863708,0.9996004104614258
57,Right Hip,291.53117179870605,669.9982810020447,0.9996419548988342
57,Left Knee,481.2864875793457,814.6123266220093,0.9838660359382629
57,Right Knee,110.96805810928345,803.8106632232666,0.9894352555274963
57,Left Ankle,365.132360458374,995.0377249717712,0.9320902228355408
57,Right Ankle,260.19341468811035,998.0662178993225,0.9664697647094727
58,Nose,255.4874324798584,445.9735858440399,0.999972939491272
58,Left Eye,257.9850482940674,417.2064435482025,0.9999396800994873
58,Right Eye,267.2366523742676,411.661319732666,0.9999483823776245
58,Left Ear,276.2685012817383,405.5126988887787,0.9999268054962158
58,Right Ear,235.85922718048096,423.478467464447,0.9999305605888367
58,Left Shoulder,432.1567153930664,420.50301790237427,0.9999881386756897
58,Right Shoulder,212.78441905975342,443.33516120910645,0.9999931454658508
58,Left Elbow,489.7931098937988,558.0797410011292,0.9913244843482971
58,Right Elbow,205.47346115112305,575.1501774787903,0.9643800258636475
58,Left Wrist,462.7631092071533,683.143572807312,0.972919762134552
58,Right Wrist,177.9022979736328,697.6920032501221,0.9763996005058289
58,Left Hip,425.12866973876953,671.2914061546326,0.9995821118354797
58,Right Hip,294.4416332244873,670.0400590896606,0.9996254444122314
58,Left Knee,481.5076446533203,816.2266731262207,0.983568012714386
58,Right Knee,113.50569248199463,804.3602800369263,0.9891754388809204
58,Left Ankle,366.6506767272949,997.1270155906677,0.9302820563316345
58,Right Ankle,262.5446605682373,997.8566837310791,0.9651954770088196
59,Nose,260.1508140563965,446.94323658943176,0.9999707937240601
59,Left Eye,262.2443675994873,418.9608335494995,0.9999345541000366
59,Right Eye,271.3070297241211,413.589870929718,0.9999433755874634
59,Left Ear,280.46353340148926,407.54624247550964,0.9999203681945801
59,Right Ear,240.1453971862793,425.1746964454651,0.9999259114265442
59,Left Shoulder,433.7813472747803,421.04642271995544,0.999987781047821
59,Right Shoulder,216.76657676696777,443.3938694000244,0.9999929070472717
59,Left Elbow,491.1669731140137,557.8821802139282,0.991251528263092
59,Right Elbow,207.8770923614502,576.0200500488281,0.964260458946228
59,Left Wrist,464.13044929504395,683.1455039978027,0.9724193215370178
59,Right Wrist,179.1223382949829,698.8005065917969,0.9764624834060669
59,Left Hip,426.19133949279785,671.3430333137512,0.9995502233505249
59,Right Hip,297.00573921203613,669.985728263855,0.999598503112793
59,Left Knee,481.5951919555664,816.0370302200317,0.9829521179199219
59,Right Knee,115.9045958518982,804.2964863777161,0.9887145757675171
59,Left Ankle,367.6000499725342,998.4521341323853,0.9277703762054443
59,Right Ankle,264.50961112976074,998.2319784164429,0.9635860919952393
60,Nose,262.74810791015625,447.53469586372375,0.999970018863678
60,Left Eye,264.61174964904785,419.8432266712189,0.9999322891235352
60,Right Eye,273.67175102233887,414.57780361175537,0.9999411106109619
60,Left Ear,282.9648971557617,408.5612118244171,0.9999174475669861
60,Right Ear,242.33144760131836,425.88334679603577,0.9999240040779114
60,Left Shoulder,435.38721084594727,421.64798855781555,0.9999874830245972
60,Right Shoulder,218.54483127593994,443.2922565937042,0.9999927282333374
60,Left Elbow,492.059383392334,557.8941535949707,0.991226851940155
60,Right Elbow,209.88949298858643,575.9673929214478,0.9642587900161743
60,Left Wrist,465.1065731048584,683.2041478157043,0.972126841545105
60,Right Wrist,180.4826831817627,699.4393444061279,0.9764376282691956
60,Left Hip,427.3147487640381,671.6170048713684,0.9995274543762207
60,Right Hip,298.8277244567871,670.0187516212463,0.9995805621147156
60,Left Knee,481.7043685913086,816.4768266677856,0.9825176000595093
60,Right Knee,117.785804271698,804.2355251312256,0.9884775876998901
60,Left Ankle,368.20295333862305,999.5977163314819,0.9262633919715881
60,Right Ankle,265.30534744262695,999.0906500816345,0.9627628922462463
61,Nose,265.09008407592773,447.5160598754883,0.9999649524688721
61,Left Eye,266.92111015319824,419.9356985092163,0.9999206066131592
61,Right Eye,275.7729434967041,414.8003089427948,0.9999303221702576
61,Left Ear,284.93720054626465,408.9083755016327,0.9999039173126221
61,Right Ear,244.88219261169434,425.76741099357605,0.9999132752418518
61,Left Shoulder,435.7155418395996,421.67927384376526,0.9999867081642151
61,Right Shoulder,220.51202774047852,443.17445397377014,0.9999920129776001
61,Left Elbow,492.77252197265625,557.8470969200134,0.9911394715309143
61,Right Elbow,210.30919075012207,576.5806746482849,0.963227391242981
61,Left Wrist,466.1155700683594,683.1057214736938,0.9715878367424011
61,Right Wrist,181.01727962493896,700.5296945571899,0.9759278893470764
61,Left Hip,428.14364433288574,671.7058396339417,0.9994699954986572
61,Right Hip,299.8139476776123,670.0629758834839,0.9995326995849609
61,Left Knee,481.76095962524414,816.4923405647278,0.9817908406257629
61,Right Knee,118.829026222229,804.1492652893066,0.9878892302513123
61,Left Ankle,369.2168140411377,1000.0915861129761,0.9231196641921997
61,Right Ankle,265.40319442749023,999.1402816772461,0.9609903693199158
62,Nose,265.9181213378906,447.4295425415039,0.9999620318412781
62,Left Eye,267.53554344177246,419.79974269866943,0.9999141693115234
62,Right Eye,276.42863273620605,414.6553409099579,0.999924898147583
62,Left Ear,285.476016998291,408.75890135765076,0.999896764755249
62,Right Ear,245.07196426391602,425.7393765449524,0.9999070763587952
62,Left Shoulder,435.76480865478516,421.5904712677002,0.999986469745636
62,Right Shoulder,220.63940048217773,443.1055426597595,0.9999914765357971
62,Left Elbow,493.47084045410156,557.7630257606506,0.9911692142486572
62,Right Elbow,210.3925895690918,576.5014314651489,0.9619206190109253
62,Left Wrist,466.24711990356445,683.7956714630127,0.9715025424957275
62,Right Wrist,181.37869834899902,700.5338144302368,0.9754475355148315
62,Left Hip,428.9516258239746,671.6831803321838,0.9994392395019531
62,Right Hip,300.1556968688965,670.0081300735474,0.9995005130767822
62,Left Knee,483.0736541748047,816.9877552986145,0.9810332655906677
62,Right Knee,119.12165880203247,804.088819026947,0.9871371984481812
62,Left Ankle,369.9301528930664,1000.3195309638977,0.9200601577758789
62,Right Ankle,266.64859771728516,999.0780329704285,0.9587554335594177
63,Nose,266.3195514678955,447.34045028686523,0.9999599456787109
63,Left Eye,267.48793601989746,419.60803985595703,0.9999099373817444
63,Right Eye,276.2650394439697,414.4887435436249,0.9999228119850159
63,Left Ear,285.1618480682373,408.6123239994049,0.999893307685852
63,Right Ear,244.91497993469238,425.34663677215576,0.9999009370803833
63,Left Shoulder,435.8397960662842,421.5514290332794,0.9999871253967285
63,Right Shoulder,220.55641651153564,442.4672842025757,0.9999912977218628
63,Left Elbow,493.8943862915039,558.5414242744446,0.9915268421173096
63,Right Elbow,210.3299045562744,576.055326461792,0.9609384536743164
63,Left Wrist,466.93150520324707,683.6981463432312,0.9729540348052979
63,Right Wrist,181.64368629455566,700.0874519348145,0.9755073189735413
63,Left Hip,428.94078254699707,671.8714070320129,0.9994359612464905
63,Right Hip,300.1077175140381,670.2104544639587,0.9994862675666809
63,Left Knee,484.6039581298828,817.0045566558838,0.9809513688087463
63,Right Knee,119.09736156463623,803.7430715560913,0.9869441390037537
63,Left Ankle,370.7559871673584,1000.3295087814331,0.918525218963623
63,Right Ankle,266.99646949768066,1000.2123498916626,0.9578304290771484
64,Nose,264.2384147644043,447.28190302848816,0.9999616742134094
64,Left Eye,265.8310604095459,419.35901284217834,0.9999136328697205
64,Right Eye,274.64000701904297,414.27817940711975,0.9999260306358337
64,Left Ear,283.4726142883301,408.46140146255493,0.9998974204063416
64,Right Ear,243.48175048828125,424.8529922962189,0.9999051094055176
64,Left Shoulder,435.6119441986084,421.0316491127014,0.9999873638153076
64,Right Shoulder,219.3737554550171,442.4010765552521,0.9999914169311523
64,Left Elbow,495.10202407836914,557.7399158477783,0.9917023181915283
64,Right Elbow,209.916672706604,574.1426753997803,0.9606704711914062
64,Left Wrist,466.2750434875488,684.5718169212341,0.9731326103210449
64,Right Wrist,181.25670433044434,697.8221654891968,0.9754509925842285
64,Left Hip,428.7484645843506,671.2665581703186,0.9994410872459412
64,Right Hip,299.44029808044434,669.5468974113464,0.9994874000549316
64,Left Knee,485.6091499328613,814.8371815681458,0.9807400107383728
64,Right Knee,118.76060485839844,803.7769317626953,0.9867767095565796
64,Left Ankle,370.1257038116455,1000.3821015357971,0.9177025556564331
64,Right Ankle,266.8171977996826,1000.6813073158264,0.957475483417511
65,Nose,263.04731369018555,447.23220705986023,0.9999622702598572
65,Left Eye,264.91613388061523,419.12086486816406,0.9999149441719055
65,Right Eye,273.57396125793457,413.9004063606262,0.9999270439147949
65,Left Ear,282.16238021850586,407.9605793952942,0.99989914894104
65,Right Ear,242.64432907104492,424.722443819046,0.9999063611030579
65,Left Shoulder,435.58201789855957,421.0004925727844,0.9999876022338867
65,Right Shoulder,218.15398693084717,441.4929664134979,0.9999916553497314
65,Left Elbow,494.2834281921387,557.8427195549011,0.9917978644371033
65,Right Elbow,208.57722759246826,573.9891457557678,0.9612364172935486
65,Left Wrist,464.78015899658203,682.8196477890015,0.9733986854553223
65,Right Wrist,180.7439088821411,697.4142980575562,0.9756046533584595
65,Left Hip,428.30514907836914,669.9257326126099,0.9994420409202576
65,Right Hip,297.668981552124,669.4304466247559,0.9994895458221436
65,Left Knee,485.6074905395508,814.0776443481445,0.9807783961296082
65,Right Knee,117.86173582077026,804.5011281967163,0.9867309927940369
65,Left Ankle,369.3336582183838,1000.3217196464539,0.9178218841552734
65,Right Ankle,265.46948432922363,1000.8608436584473,0.9573730826377869
66,Nose,262.94254302978516,447.0514476299286,0.9999629259109497
66,Left Eye,264.752140045166,418.2757759094238,0.9999160766601562
66,Right Eye,273.49903106689453,412.97163248062134,0.9999284148216248
66,Left Ear,282.2212886810303,407.0106589794159,0.9999001622200012
66,Right Ear,242.0712661743164,423.93590211868286,0.999907374382019
66,Left Shoulder,435.6250476837158,420.68490386009216,0.9999878406524658
66,Right Shoulder,217.6670265197754,441.08139753341675,0.9999916553497314
66,Left Elbow,494.4861030578613,557.0121145248413,0.9920015335083008
66,Right Elbow,208.01719665527344,571.4083671569824,0.9615048170089722
66,Left Wrist,464.78708267211914,682.9924893379211,0.9739627242088318
66,Right Wrist,180.3098201751709,696.3294839859009,0.9759107232093811
66,Left Hip,427.5663757324219,669.9205827713013,0.9994458556175232
66,Right Hip,295.62804222106934,669.4129371643066,0.9994826316833496
66,Left Knee,486.04150772094727,814.5709347724915,0.9807895421981812
66,Right Knee,116.767258644104,805.2947187423706,0.98663729429245
66,Left Ankle,367.9563045501709,1000.1136016845703,0.917948842048645
66,Right Ankle,266.2415599822998,1001.5166115760803,0.9572684168815613
67,Nose,266.8884086608887,447.0307195186615,0.9999628663063049
67,Left Eye,267.94678688049316,418.2826316356659,0.9999155402183533
67,Right Eye,276.69121742248535,413.0640399456024,0.9999281764030457
67,Left Ear,285.5717468261719,407.16505765914917,0.9998998641967773
67,Right Ear,245.22045135498047,423.8808310031891,0.9999067187309265
67,Left Shoulder,436.309289932251,420.6585431098938,0.9999879598617554
67,Right Shoulder,218.69008541107178,440.9131586551666,0.9999917149543762
67,Left Elbow,495.0359344482422,557.0366406440735,0.992094874382019
67,Right Elbow,209.29199695587158,571.4147400856018,0.9617844820022583
67,Left Wrist,464.95299339294434,683.2285451889038,0.9741544723510742
67,Right Wrist,181.01709365844727,696.4568781852722,0.9759067893028259
67,Left Hip,427.69984245300293,669.4591569900513,0.9994393587112427
67,Right Hip,295.775785446167,669.1312408447266,0.9994776248931885
67,Left Knee,487.6936912536621,815.9223818778992,0.9805120229721069
67,Right Knee,117.6626443862915,804.9114418029785,0.986616849899292
67,Left Ankle,367.7230167388916,1000.7090520858765,0.917156994342804
67,Right Ankle,267.19422340393066,1000.8090233802795,0.9568684101104736
68,Nose,271.21933937072754,447.0340669155121,0.9999643564224243
68,Left Eye,272.8116703033447,418.9427447319031,0.9999179244041443
68,Right Eye,281.40509605407715,413.8885295391083,0.9999305009841919
68,Left Ear,290.30110359191895,408.0364751815796,0.9999024271965027
68,Right Ear,250.8365821838379,424.3733811378479,0.9999094009399414
68,Left Shoulder,436.89130783081055,420.6899571418762,0.9999881982803345
68,Right Shoulder,219.59222316741943,440.6773602962494,0.9999918341636658
68,Left Elbow,495.64584732055664,555.2907156944275,0.9922541379928589
68,Right Elbow,210.84897994995117,570.6501173973083,0.9617400765419006
68,Left Wrist,465.2663326263428,683.3060503005981,0.9743258953094482
68,Right Wrist,181.76101684570312,696.6154932975769,0.9759501814842224
68,Left Hip,428.5352897644043,669.4663667678833,0.9994430541992188
68,Right Hip,297.64872550964355,668.8638353347778,0.9994810223579407
68,Left Knee,487.8280448913574,820.7575035095215,0.9804942011833191
68,Right Knee,119.43976879119873,804.0527701377869,0.9866060018539429
68,Left Ankle,367.7636432647705,1001.3440918922424,0.9176422953605652
68,Right Ankle,267.7892589569092,1000.817391872406,0.9572259783744812
69,Nose,277.34928131103516,447.4837124347687,0.9999650716781616
69,Left Eye,277.9892635345459,420.5278015136719,0.9999195337295532
69,Right Eye,286.3118648529053,415.5149459838867,0.9999321699142456
69,Left Ear,294.9631690979004,409.5396816730499,0.9999046325683594
69,Right Ear,256.8192386627197,425.9290838241577,0.9999108910560608
69,Left Shoulder,437.69250869750977,420.7175409793854,0.9999886751174927
69,Right Shoulder,220.82955837249756,440.65244793891907,0.9999918937683105
69,Left Elbow,496.26989364624023,555.3571486473083,0.9923495054244995
69,Right Elbow,212.1271276473999,570.2251267433167,0.9618828892707825
69,Left Wrist,467.1408462524414,682.6789283752441,0.9745715856552124
69,Right Wrist,183.11322212219238,696.6286253929138,0.975893497467041
69,Left Hip,429.7371482849121,669.9492287635803,0.9994456171989441
69,Right Hip,299.11179542541504,668.964900970459,0.999479353427887
69,Left Knee,487.8133964538574,819.8566675186157,0.9804539680480957
69,Right Knee,120.68336963653564,802.2102212905884,0.986670732498169
69,Left Ankle,369.9672031402588,1002.1269965171814,0.9177146553993225
69,Right Ankle,268.21197509765625,1000.797758102417,0.9572492241859436
70,Nose,282.41466522216797,449.78244066238403,0.9999662637710571
70,Left Eye,283.62539291381836,424.0567946434021,0.9999220967292786
70,Right Eye,292.66130447387695,418.90846610069275,0.9999342560768127
70,Left Ear,302.0669746398926,412.7356731891632,0.9999076128005981
70,Right Ear,261.33490562438965,429.57826137542725,0.9999136924743652
70,Left Shoulder,439.60676193237305,421.62030816078186,0.9999890327453613
70,Right Shoulder,221.94208145141602,441.0085594654083,0.9999920725822449
70,Left Elbow,496.30245208740234,558.0973792076111,0.9923574924468994
70,Right Elbow,213.5636043548584,571.0043621063232,0.9621751308441162
70,Left Wrist,467.57028579711914,683.8619756698608,0.9746666550636292
70,Right Wrist,184.4286060333252,696.7893648147583,0.9761426448822021
70,Left Hip,429.9674892425537,670.9553146362305,0.9994544386863708
70,Right Hip,299.81926918029785,669.6813082695007,0.999487042427063
70,Left Knee,486.8987274169922,819.7687983512878,0.9803580045700073
70,Right Knee,120.90813159942627,802.0442032814026,0.9867510199546814
70,Left Ankle,370.64517974853516,1005.617687702179,0.9183170795440674
70,Right Ankle,269.1895866394043,1000.9439492225647,0.9574199318885803
71,Nose,285.90662956237793,450.28992533683777,0.9999671578407288
71,Left Eye,286.9413185119629,425.7995009422302,0.9999237656593323
71,Right Eye,295.7712650299072,420.90460896492004,0.9999355673789978
71,Left Ear,304.76941108703613,415.0172781944275,0.9999098181724548
71,Right Ear,264.5980167388916,431.00142002105713,0.9999158978462219
71,Left Shoulder,440.2317523956299,422.7041566371918,0.99998939037323
71,Right Shoulder,222.11614608764648,441.9919538497925,0.999992311000824
71,Left Elbow,496.49133682250977,559.8006892204285,0.9924931526184082
71,Right Elbow,214.56862449645996,574.7074842453003,0.9627812504768372
71,Left Wrist,467.918643951416,685.5491924285889,0.975120484828949
71,Right Wrist,185.83760261535645,698.5582065582275,0.9766615629196167
71,Left Hip,429.94531631469727,673.1852602958679,0.9994432330131531
71,Right Hip,299.92764472961426,672.1296715736389,0.9994798898696899
71,Left Knee,483.4987449645996,816.9300770759583,0.9801927804946899
71,Right Knee,121.50514125823975,802.014012336731,0.9865695238113403
71,Left Ankle,372.6631164550781,1007.6056551933289,0.9179694652557373
71,Right Ankle,269.1574287414551,1001.0356163978577,0.9566248655319214
72,Nose,289.072265625,451.8153727054596,0.9999682307243347
72,Left Eye,291.0707187652588,428.0862557888031,0.9999260902404785
72,Right Eye,299.92112159729004,423.310968875885,0.9999377131462097
72,Left Ear,309.08411979675293,417.43374466896057,0.9999127984046936
72,Right Ear,268.4395980834961,432.98575043678284,0.9999186396598816
72,Left Shoulder,440.5163097381592,422.7535951137543,0.9999898672103882
72,Right Shoulder,223.83483409881592,443.4356474876404,0.9999923706054688
72,Left Elbow,497.8729820251465,559.771785736084,0.9926339387893677
72,Right Elbow,217.71064281463623,575.4829859733582,0.9630231261253357
72,Left Wrist,469.10619735717773,685.242133140564,0.9755740165710449
72,Right Wrist,188.43382358551025,700.6931376457214,0.9769310355186462
72,Left Hip,430.2135372161865,673.1385254859924,0.9994412064552307
72,Right Hip,300.3302192687988,672.7434039115906,0.9994702339172363
72,Left Knee,483.51247787475586,811.6019868850708,0.9801891446113586
72,Right Knee,122.77134418487549,802.1886563301086,0.9864996075630188
72,Left Ankle,376.5279006958008,1007.287266254425,0.9176722168922424
72,Right Ankle,273.3475685119629,1002.0445346832275,0.9559757113456726
73,Nose,292.8895568847656,452.58334279060364,0.9999699592590332
73,Left Eye,295.43904304504395,428.574138879776,0.9999300241470337
73,Right Eye,304.81327056884766,423.6893856525421,0.9999411702156067
73,Left Ear,314.3565845489502,417.7366518974304,0.9999175071716309
73,Right Ear,271.94437980651855,433.4693205356598,0.9999231696128845
73,Left Shoulder,445.33215522766113,422.8895831108093,0.9999903440475464
73,Right Shoulder,225.27178287506104,443.0801475048065,0.9999926090240479
73,Left Elbow,500.79883575439453,567.9183840751648,0.9927059412002563
73,Right Elbow,219.16372776031494,575.5664134025574,0.9623733162879944
73,Left Wrist,471.7470073699951,685.5943179130554,0.9758428335189819
73,Right Wrist,192.15734481811523,700.2435564994812,0.976995050907135
73,Left Hip,431.1515522003174,673.1210160255432,0.9994474649429321
73,Right Hip,301.8662166595459,672.6722073554993,0.9994709491729736
73,Left Knee,484.46033477783203,811.6014719009399,0.9803029298782349
73,Right Knee,123.06545734405518,801.848316192627,0.9864820837974548
73,Left Ankle,378.43408584594727,1003.8173031806946,0.9174100160598755
73,Right Ankle,276.39307022094727,1001.9953536987305,0.955774188041687
74,Nose,292.15227127075195,452.90627002716064,0.9999712109565735
74,Left Eye,295.49695014953613,428.7998306751251,0.9999324679374695
74,Right Eye,305.2444267272949,424.0153706073761,0.9999434351921082
74,Left Ear,315.0846290588379,418.17265033721924,0.9999203085899353
74,Right Ear,271.21853828430176,433.5205292701721,0.9999260902404785
74,Left Shoulder,447.6755905151367,422.7251422405243,0.9999906420707703
74,Right Shoulder,226.49899005889893,442.0153534412384,0.9999927878379822
74,Left Elbow,502.54491806030273,568.9408206939697,0.9926803708076477
74,Right Elbow,220.61174869537354,575.2938580513,0.9613637328147888
74,Left Wrist,472.98537254333496,685.7051038742065,0.9754483699798584
74,Right Wrist,193.92821788787842,699.4111490249634,0.9766538739204407
74,Left Hip,431.9742679595947,673.1042790412903,0.9994540214538574
74,Right Hip,302.4968433380127,672.6237988471985,0.9994685053825378
74,Left Knee,484.48007583618164,811.5546083450317,0.9803794026374817
74,Right Knee,123.32945823669434,801.8005514144897,0.9864973425865173
74,Left Ankle,380.7330894470215,1002.9628157615662,0.9173727631568909
74,Right Ankle,276.1621284484863,1001.434600353241,0.9557393193244934
75,Nose,292.5373935699463,454.36039209365845,0.9999724626541138
75,Left Eye,295.4711723327637,430.44771552085876,0.9999347925186157
75,Right Eye,305.1141357421875,425.50013422966003,0.9999455213546753
75,Left Ear,314.90309715270996,419.4634258747101,0.9999228119850159
75,Right Ear,271.4043617248535,435.63453912734985,0.9999287128448486
75,Left Shoulder,448.09412956237793,423.4749913215637,0.9999909400939941
75,Right Shoulder,227.24600315093994,444.5906925201416,0.999992847442627
75,Left Elbow,502.4035835266113,568.3035922050476,0.992831289768219
75,Right Elbow,221.38578414916992,575.6676077842712,0.9608553051948547
75,Left Wrist,472.9446601867676,685.9268045425415,0.9759794473648071
75,Right Wrist,193.83018493652344,699.3697571754456,0.9768202900886536
75,Left Hip,432.0026206970215,674.1106224060059,0.9994586706161499
75,Right Hip,302.4473762512207,674.0518498420715,0.9994670152664185
75,Left Knee,484.34309005737305,812.8601574897766,0.9805537462234497
75,Right Knee,123.83674621582031,802.2437596321106,0.9865157604217529
75,Left Ankle,381.6932201385498,1002.9541254043579,0.9174402952194214
75,Right Ankle,277.0426654815674,1001.5378546714783,0.9560605883598328
76,Nose,294.43273544311523,454.75741267204285,0.9999743700027466
76,Left Eye,297.2906970977783,431.5718615055084,0.999939501285553
76,Right Eye,306.7199993133545,426.60786509513855,0.9999495148658752
76,Left Ear,316.3392448425293,420.45357942581177,0.99992835521698
76,Right Ear,273.65238189697266,436.7065107822418,0.999933660030365
76,Left Shoulder,448.3762264251709,423.6000680923462,0.9999914765357971
76,Right Shoulder,227.89637088775635,444.6926271915436,0.9999931454658508
76,Left Elbow,504.2699432373047,568.7784075737,0.9928992390632629
76,Right Elbow,222.40007400512695,575.1899600028992,0.9610807299613953
76,Left Wrist,474.0109634399414,685.9880876541138,0.9761688709259033
76,Right Wrist,195.08254051208496,698.8686776161194,0.9767811894416809
76,Left Hip,432.108678817749,674.0802383422852,0.9994856119155884
76,Right Hip,302.54788398742676,674.0824270248413,0.999485194683075
76,Left Knee,487.79645919799805,811.7730903625488,0.9808086156845093
76,Right Knee,124.44929122924805,802.8492522239685,0.986779510974884
76,Left Ankle,383.2995128631592,1004.8177242279053,0.919160783290863
76,Right Ankle,277.481689453125,1000.8909058570862,0.9565516710281372
77,Nose,294.58505630493164,454.9019944667816,0.9999754428863525
77,Left Eye,297.36170768737793,431.45299673080444,0.9999425411224365
77,Right Eye,306.7413139343262,426.5053188800812,0.9999521374702454
77,Left Ear,316.29077911376953,420.39767146110535,0.999932050704956
77,Right Ear,273.6548709869385,436.62179589271545,0.999936580657959
77,Left Shoulder,450.00314712524414,424.1305983066559,0.9999918937683105
77,Right Shoulder,229.8912763595581,444.988614320755,0.9999932646751404
77,Left Elbow,506.1956977844238,570.6084036827087,0.992904007434845
77,Right Elbow,223.3454990386963,575.371298789978,0.9607270956039429
77,Left Wrist,474.96374130249023,685.9973573684692,0.976072371006012
77,Right Wrist,195.86520195007324,698.4812164306641,0.976543128490448
77,Left Hip,432.1164894104004,674.2302918434143,0.999503493309021
77,Right Hip,302.51970291137695,674.0554547309875,0.9994947910308838
77,Left Knee,487.75279998779297,811.6402244567871,0.9808974862098694
77,Right Knee,125.16008377075195,803.0253767967224,0.9869959354400635
77,Left Ankle,383.25891494750977,1006.89697265625,0.9204426407814026
77,Right Ankle,277.4261283874512,1000.2743411064148,0.9568001627922058
78,Nose,293.6909866333008,454.67231154441833,0.9999760389328003
78,Left Eye,296.44495010375977,431.25884771347046,0.999943733215332
78,Right Eye,305.8933925628662,426.28142952919006,0.9999533295631409
78,Left Ear,315.51990509033203,420.13139247894287,0.9999333024024963
78,Right Ear,272.7725315093994,436.4136779308319,0.9999371767044067
78,Left Shoulder,451.0158061981201,425.48651933670044,0.9999920725822449
78,Right Shoulder,229.91751194000244,444.92366194725037,0.9999933838844299
78,Left Elbow,506.0043525695801,570.9705018997192,0.9929314255714417
78,Right Elbow,223.34999084472656,575.343747138977,0.9614017605781555
78,Left Wrist,474.3830966949463,686.2323832511902,0.9762387871742249
78,Right Wrist,195.57342052459717,698.4281086921692,0.9766713976860046
78,Left Hip,432.1116256713867,674.7664546966553,0.9995210766792297
78,Right Hip,301.9771957397461,674.0255856513977,0.9995099306106567
78,Left Knee,487.74112701416016,820.5912280082703,0.9812265634536743
78,Right Knee,125.17370223999023,803.1595945358276,0.9874562621116638
78,Left Ankle,379.0396785736084,1006.6846060752869,0.9223204255104065
78,Right Ankle,276.2890434265137,1000.1813220977783,0.9580289721488953
79,Nose,293.32666397094727,454.35343980789185,0.9999762177467346
79,Left Eye,296.3793754577637,431.1576533317566,0.9999440908432007
79,Right Eye,305.5092144012451,426.16819739341736,0.9999536275863647
79,Left Ear,314.75741386413574,419.97297048568726,0.9999337196350098
79,Right Ear,272.43504524230957,436.1530315876007,0.9999374151229858
79,Left Shoulder,450.9312915802002,425.7433032989502,0.9999921321868896
79,Right Shoulder,229.75792407989502,444.1581702232361,0.9999935030937195
79,Left Elbow,505.13912200927734,570.6841707229614,0.9927721619606018
79,Right Elbow,223.1682014465332,575.0524592399597,0.9614843726158142
79,Left Wrist,472.7322006225586,686.6179132461548,0.9755933284759521
79,Right Wrist,195.48357009887695,698.4588146209717,0.9766157865524292
79,Left Hip,432.11737632751465,674.2969822883606,0.9995284676551819
79,Right Hip,301.84006690979004,673.7799382209778,0.999518096446991
79,Left Knee,487.3433303833008,820.1179575920105,0.9812619686126709
79,Right Knee,125.14082908630371,803.1487798690796,0.9875410199165344
79,Left Ankle,377.55372047424316,1006.5715026855469,0.9226948022842407
79,Right Ankle,276.26818656921387,1000.1072287559509,0.9581071734428406
80,Nose,293.1748580932617,453.23132157325745,0.9999761581420898
80,Left Eye,295.76869010925293,429.9839401245117,0.9999437928199768
80,Right Eye,304.56836700439453,425.06255865097046,0.9999534487724304
80,Left Ear,313.5520935058594,418.92340064048767,0.9999333024024963
80,Right Ear,272.24802017211914,434.73573088645935,0.9999369978904724
80,Left Shoulder,451.1816596984863,426.2307679653168,0.9999920725822449
80,Right Shoulder,229.847674369812,443.28314781188965,0.999993622303009
80,Left Elbow,504.9892044067383,570.535147190094,0.9925188422203064
80,Right Elbow,223.0558204650879,574.8185276985168,0.9616459608078003
80,Left Wrist,472.23100662231445,686.7804551124573,0.9747422933578491
80,Right Wrist,195.25670528411865,698.2665324211121,0.9766510725021362
80,Left Hip,432.47294425964355,673.6645817756653,0.9995315074920654
80,Right Hip,301.95508003234863,672.8829646110535,0.9995232224464417
80,Left Knee,487.10643768310547,819.4039964675903,0.9812508821487427
80,Right Knee,125.28573989868164,803.0865955352783,0.9876529574394226
80,Left Ankle,377.02345848083496,1006.4822816848755,0.923416018486023
80,Right Ankle,276.2036991119385,999.9343228340149,0.9582908153533936
81,Nose,292.6903438568115,453.26595425605774,0.9999760389328003
81,Left Eye,294.5497226715088,429.89043831825256,0.9999431371688843
81,Right Eye,303.2848834991455,424.96715784072876,0.9999527931213379
81,Left Ear,312.0952892303467,418.84544491767883,0.9999324083328247
81,Right Ear,271.1410903930664,434.66923356056213,0.9999359846115112
81,Left Shoulder,451.2446594238281,427.2109115123749,0.9999920129776001
81,Right Shoulder,229.79294300079346,442.93572664260864,0.999993622303009
81,Left Elbow,504.40704345703125,570.3843855857849,0.9924368262290955
81,Right Elbow,222.96545505523682,574.6028137207031,0.9616290330886841
81,Left Wrist,472.0719337463379,686.8569302558899,0.9744051098823547
81,Right Wrist,195.1585578918457,698.3327722549438,0.9764580130577087
81,Left Hip,432.4148941040039,673.6663198471069,0.9995373487472534
81,Right Hip,301.47191047668457,672.8668069839478,0.9995301365852356
81,Left Knee,485.9744453430176,820.8629465103149,0.9811083078384399
81,Right Knee,125.05933284759521,802.8491234779358,0.9875519871711731
81,Left Ankle,376.94512367248535,1006.5351963043213,0.9234790205955505
81,Right Ankle,274.35550689697266,1000.0598502159119,0.9582306742668152
82,Nose,292.26064682006836,453.24628829956055,0.9999755024909973
82,Left Eye,294.1868591308594,429.854131937027,0.9999419450759888
82,Right Eye,302.8118419647217,424.9457859992981,0.9999518990516663
82,Left Ear,311.44243240356445,418.8087522983551,0.999931275844574
82,Right Ear,270.9879970550537,434.6000647544861,0.9999341368675232
82,Left Shoulder,451.1458396911621,427.79425978660583,0.9999920725822449
82,Right Shoulder,230.25768756866455,443.515727519989,0.9999935030937195
82,Left Elbow,504.1849708557129,570.2640080451965,0.9924710392951965
82,Right Elbow,222.90209770202637,575.1646614074707,0.9618787169456482
82,Left Wrist,471.88605308532715,687.0217251777649,0.9747123718261719
82,Right Wrist,194.98174667358398,698.6476850509644,0.9765560626983643
82,Left Hip,432.1324825286865,673.9715123176575,0.9995381832122803
82,Right Hip,300.895471572876,673.0175042152405,0.9995284676551819
82,Left Knee,484.6145439147949,820.6221270561218,0.9810557961463928
82,Right Knee,125.00866413116455,802.2456908226013,0.9875537157058716
82,Left Ankle,376.5377712249756,1006.8501734733582,0.9238970279693604
82,Right Ankle,273.05471420288086,1000.4941749572754,0.9581575989723206
83,Nose,292.03585624694824,453.33505868911743,0.9999762773513794
83,Left Eye,293.78674507141113,430.04332423210144,0.9999434351921082
83,Right Eye,302.4484062194824,425.18686294555664,0.9999533891677856
83,Left Ear,311.1612796783447,419.13100361824036,0.9999327063560486
83,Right Ear,270.88062286376953,434.6844255924225,0.9999353885650635
83,Left Shoulder,451.1466407775879,428.1385910511017,0.9999922513961792
83,Right Shoulder,230.2055311203003,443.5028851032257,0.9999937415122986
83,Left Elbow,504.16385650634766,570.2071666717529,0.9924792647361755
83,Right Elbow,222.78891563415527,575.1118755340576,0.9627225995063782
83,Left Wrist,471.70300483703613,687.3589110374451,0.9746446013450623
83,Right Wrist,194.83866691589355,698.640410900116,0.9767892956733704
83,Left Hip,432.13451385498047,674.8109364509583,0.9995532631874084
83,Right Hip,300.443058013916,673.0857396125793,0.9995421171188354
83,Left Knee,483.9269828796387,820.4903554916382,0.9812983870506287
83,Right Knee,125.02023696899414,802.4527788162231,0.9878556132316589
83,Left Ankle,376.609468460083,1007.6454377174377,0.9256957769393921
83,Right Ankle,273.27595710754395,1000.2624320983887,0.9590345025062561
84,Nose,292.0839786529541,453.9460873603821,0.9999775290489197
84,Left Eye,294.2190170288086,430.4473292827606,0.9999462366104126
84,Right Eye,303.1436347961426,425.5349600315094,0.999955952167511
84,Left Ear,312.08850860595703,419.48663234710693,0.9999359250068665
84,Right Ear,270.9646224975586,435.2690613269806,0.9999383687973022
84,Left Shoulder,453.349027633667,429.43068623542786,0.9999925494194031
84,Right Shoulder,230.65256595611572,444.25089955329895,0.9999939203262329
84,Left Elbow,504.4379425048828,571.4130020141602,0.9925780892372131
84,Right Elbow,223.1439971923828,575.612633228302,0.9628145694732666
84,Left Wrist,472.04572677612305,687.31693983078,0.9749417304992676
84,Right Wrist,194.77094650268555,698.6880469322205,0.9768959879875183
84,Left Hip,432.44436264038086,675.0926327705383,0.9995689392089844
84,Right Hip,300.5459976196289,673.094494342804,0.9995545148849487
84,Left Knee,483.9678382873535,820.6362891197205,0.9818885326385498
84,Right Knee,124.97815132141113,803.067798614502,0.9882771372795105
84,Left Ankle,377.49664306640625,1007.6088738441467,0.928135335445404
84,Right Ankle,273.7497138977051,1000.3963923454285,0.9603400826454163
85,Nose,293.4048843383789,454.15568590164185,0.9999783635139465
85,Left Eye,295.3363609313965,430.7455050945282,0.9999480843544006
85,Right Eye,304.6665287017822,425.86464643478394,0.9999575614929199
85,Left Ear,314.08427238464355,419.82227325439453,0.9999380111694336
85,Right Ear,271.2615966796875,435.49060106277466,0.9999403357505798
85,Left Shoulder,453.30923080444336,430.0242054462433,0.9999926686286926
85,Right Shoulder,230.72177410125732,444.3122148513794,0.9999940991401672
85,Left Elbow,504.61503982543945,572.3983597755432,0.9926626086235046
85,Right Elbow,223.08897972106934,576.2839150428772,0.963548481464386
85,Left Wrist,472.0346260070801,687.5282764434814,0.9753544926643372
85,Right Wrist,194.68575954437256,698.8155055046082,0.9773629307746887
85,Left Hip,432.3915767669678,675.0872898101807,0.999575138092041
85,Right Hip,300.30919075012207,673.3530163764954,0.9995630383491516
85,Left Knee,483.7430763244629,816.1452412605286,0.9819176197052002
85,Right Knee,125.0672721862793,802.5138688087463,0.9884282350540161
85,Left Ankle,376.807222366333,1007.5806140899658,0.9284603595733643
85,Right Ankle,273.75128746032715,1003.4351849555969,0.9607269763946533
86,Nose,296.9431686401367,454.5407974720001,0.9999791383743286
86,Left Eye,298.0743885040283,430.85426330566406,0.99994957447052
86,Right Eye,307.14165687561035,425.93883633613586,0.999958872795105
86,Left Ear,316.4449882507324,419.896559715271,0.9999399781227112
86,Right Ear,274.2484474182129,435.8676338195801,0.9999420046806335
86,Left Shoulder,453.0769443511963,430.8024752140045,0.9999929070472717
86,Right Shoulder,230.73462009429932,445.31723856925964,0.999994158744812
86,Left Elbow,504.2859077453613,572.7840185165405,0.9927935600280762
86,Right Elbow,222.6278829574585,580.5425119400024,0.9643658995628357
86,Left Wrist,471.9035053253174,689.2125964164734,0.9761641025543213
86,Right Wrist,194.50228214263916,703.728518486023,0.9778670072555542
86,Left Hip,431.45885467529297,675.2741646766663,0.9995795488357544
86,Right Hip,300.0490379333496,674.541277885437,0.9995648264884949
86,Left Knee,480.0362777709961,815.3932356834412,0.9820125102996826
86,Right Knee,124.61470127105713,802.6842641830444,0.9885331988334656
86,Left Ankle,376.79417610168457,1007.6013422012329,0.9290284514427185
86,Right Ankle,273.4108257293701,1004.9157643318176,0.9610047936439514
87,Nose,296.95919036865234,456.23741269111633,0.9999797344207764
87,Left Eye,298.28490257263184,432.0741641521454,0.9999504685401917
87,Right Eye,307.3799228668213,427.14200019836426,0.9999595880508423
87,Left Ear,316.6674613952637,421.1950922012329,0.9999408721923828
87,Right Ear,274.3729877471924,437.31213212013245,0.9999432563781738
87,Left Shoulder,453.01883697509766,432.58341908454895,0.999992847442627
87,Right Shoulder,230.76181411743164,446.93844079971313,0.9999942779541016
87,Left Elbow,504.327449798584,574.1457009315491,0.9927425384521484
87,Right Elbow,222.44842529296875,582.8825998306274,0.9652596712112427
87,Left Wrist,471.58092498779297,691.8271708488464,0.9758144021034241
87,Right Wrist,194.4473361968994,706.2880539894104,0.978252112865448
87,Left Hip,430.99642753601074,676.8565821647644,0.9995781779289246
87,Right Hip,299.9732780456543,675.964629650116,0.9995682835578918
87,Left Knee,480.17160415649414,816.5677857398987,0.9820990562438965
87,Right Knee,124.60723400115967,803.4692287445068,0.9886553883552551
87,Left Ankle,377.449951171875,1008.6951684951782,0.9297231435775757
87,Right Ankle,273.9663791656494,1006.2757730484009,0.9614438414573669
88,Nose,300.8654308319092,457.30597257614136,0.9999809861183167
88,Left Eye,303.2328701019287,433.1855320930481,0.9999535083770752
88,Right Eye,312.788028717041,428.01328897476196,0.9999622106552124
88,Left Ear,322.48148918151855,421.79633617401123,0.9999444484710693
88,Right Ear,278.5344886779785,438.65344047546387,0.9999467134475708
88,Left Shoulder,454.24535751342773,434.0338397026062,0.9999931454658508
88,Right Shoulder,231.56033992767334,448.9843761920929,0.9999944567680359
88,Left Elbow,505.29470443725586,578.5283446311951,0.9928349256515503
88,Right Elbow,223.2112169265747,584.0310788154602,0.9657015800476074
88,Left Wrist,471.6050148010254,692.8368616104126,0.9759809970855713
88,Right Wrist,196.28249645233154,706.2807154655457,0.9784795641899109
88,Left Hip,430.947904586792,679.2098021507263,0.9995872378349304
88,Right Hip,300.2375793457031,678.3063268661499,0.9995757937431335
88,Left Knee,480.22104263305664,814.3019199371338,0.9825142025947571
88,Right Knee,124.67217922210693,804.409589767456,0.9889075756072998
88,Left Ankle,379.8188781738281,1009.4107389450073,0.9313161969184875
88,Right Ankle,277.0390033721924,1009.1201591491699,0.9623156785964966
89,Nose,301.6595935821533,459.0551805496216,0.9999819993972778
89,Left Eye,304.39802169799805,434.7920894622803,0.9999558329582214
89,Right Eye,313.96130561828613,429.67185974121094,0.9999642372131348
89,Left Ear,323.64867210388184,423.5131323337555,0.999947190284729
89,Right Ear,279.2661952972412,440.3063464164734,0.9999493360519409
89,Left Shoulder,454.3165397644043,435.89550733566284,0.9999934434890747
89,Right Shoulder,231.6441535949707,451.13134503364563,0.999994695186615
89,Left Elbow,505.6633758544922,580.7535910606384,0.9929265975952148
89,Right Elbow,223.16406726837158,586.1844205856323,0.96625155210495
89,Left Wrist,471.4914321899414,694.5372104644775,0.9761002063751221
89,Right Wrist,196.19243144989014,707.5957918167114,0.978656530380249
89,Left Hip,430.5793762207031,681.100115776062,0.999597430229187
89,Right Hip,299.9986267089844,680.7188987731934,0.9995833039283752
89,Left Knee,480.3054428100586,812.0706224441528,0.9828684329986572
89,Right Knee,124.62754726409912,805.9378695487976,0.9890968799591064
89,Left Ankle,379.784631729126,1013.0843138694763,0.9326798319816589
89,Right Ankle,277.1465492248535,1010.6442546844482,0.9628821611404419
90,Nose,301.4305114746094,459.0316843986511,0.9999822378158569
90,Left Eye,303.95459175109863,434.8404014110565,0.999955952167511
90,Right Eye,313.5827350616455,429.88181233406067,0.9999642372131348
90,Left Ear,323.3836269378662,423.956823348999,0.9999472498893738
90,Right Ear,278.8475704193115,440.18712759017944,0.9999495148658752
90,Left Shoulder,453.3889102935791,435.75987339019775,0.9999935030937195
90,Right Shoulder,231.65247917175293,451.08956694602966,0.9999947547912598
90,Left Elbow,505.532283782959,579.523229598999,0.9929729104042053
90,Right Elbow,223.13970565795898,587.3267841339111,0.9664419889450073
90,Left Wrist,471.3289546966553,695.0511646270752,0.9764028191566467
90,Right Wrist,196.16173267364502,709.280755519867,0.9789803624153137
90,Left Hip,430.18269538879395,681.6517281532288,0.9995972514152527
90,Right Hip,299.8722839355469,682.1264791488647,0.9995811581611633
90,Left Knee,458.338565826416,797.4739122390747,0.9830247759819031
90,Right Knee,124.47318077087402,806.9500064849854,0.9890533685684204
90,Left Ankle,379.74337577819824,1015.0775599479675,0.9331605434417725
90,Right Ankle,278.4580135345459,1013.088047504425,0.9628738164901733
