Frame,Keypoint,X,Y,Confidence
1,Nose,875.9236335754395,117.28435277938843,0.9999700784683228
1,Left Eye,881.9582462310791,98.6314344406128,0.9998002648353577
1,Right Eye,886.7331564426422,98.62844109535217,0.9998134970664978
1,Left Ear,891.4168655872345,98.56509804725647,0.9997604489326477
1,Right Ear,864.2085909843445,98.15887212753296,0.9998341798782349
1,Left Shoulder,972.8729248046875,185.44169783592224,0.999984622001648
1,Right Shoulder,745.9029078483582,200.6654977798462,0.9999890327453613
1,Left Elbow,1024.1106152534485,282.4405038356781,0.9974634647369385
1,Right Elbow,721.0544526576996,300.8530855178833,0.995715320110321
1,Left Wrist,1051.6835629940033,402.53267884254456,0.9920310974121094
1,Right Wrist,744.9917495250702,414.31065559387207,0.9880620241165161
1,Left Hip,946.52099609375,415.61073303222656,0.9991158843040466
1,Right Hip,824.696958065033,427.5308132171631,0.9996217489242554
1,Left Knee,999.1047382354736,566.8497920036316,0.9657702445983887
1,Right Knee,795.2657639980316,579.906120300293,0.9827940464019775
1,Left Ankle,1013.2282495498657,712.0153856277466,0.95644611120224
1,Right Ankle,805.3471207618713,738.4795188903809,0.9857071042060852
2,Nose,875.9109795093536,118.8519161939621,0.9999713897705078
2,Left Eye,882.1283876895905,99.01999801397324,0.9998133778572083
2,Right Eye,887.1991276741028,98.96582812070847,0.9998254776000977
2,Left Ear,892.1120524406433,98.87065261602402,0.9997735619544983
2,Right Ear,863.69908452034,98.73344957828522,0.9998452067375183
2,Left Shoulder,972.9322612285614,189.1014003753662,0.9999845623970032
2,Right Shoulder,744.1832661628723,201.03466093540192,0.9999896287918091
2,Left Elbow,1023.6717224121094,296.410768032074,0.9971827864646912
2,Right Elbow,719.7834730148315,305.7188808917999,0.9957557916641235
2,Left Wrist,1051.9891619682312,402.56576657295227,0.9914951324462891
2,Right Wrist,743.4378564357758,414.3125545978546,0.9884050488471985
2,Left Hip,947.4471688270569,415.1846480369568,0.999147355556488
2,Right Hip,824.7256755828857,427.51060009002686,0.9996363520622253
2,Left Knee,999.488753080368,566.7919206619263,0.9653477668762207
2,Right Knee,795.1642692089081,581.9889736175537,0.981618344783783
2,Left Ankle,1013.0200803279877,715.5392932891846,0.9558699727058411
2,Right Ankle,807.0602715015411,741.447114944458,0.9846101999282837
3,Nose,875.8323013782501,120.18000394105911,0.9999721050262451
3,Left Eye,882.1802496910095,99.5697757601738,0.999821662902832
3,Right Eye,887.4334573745728,99.48564827442169,0.9998331069946289
3,Left Ear,892.5064265727997,99.37067806720734,0.9997802376747131
3,Right Ear,863.1282091140747,99.40705686807632,0.9998522996902466
3,Left Shoulder,972.9329824447632,191.20811998844147,0.9999843835830688
3,Right Shoulder,743.2597815990448,201.27474009990692,0.9999901056289673
3,Left Elbow,1023.2529580593109,299.3608546257019,0.996955394744873
3,Right Elbow,718.8981473445892,307.57510900497437,0.9958353638648987
3,Left Wrist,1052.2851884365082,402.8685450553894,0.990880012512207
3,Right Wrist,742.6479279994965,414.33772444725037,0.9887171983718872
3,Left Hip,948.3509182929993,414.7653543949127,0.9991757869720459
3,Right Hip,824.7562289237976,427.3316752910614,0.9996480345726013
3,Left Knee,999.711412191391,566.7890238761902,0.9650747179985046
3,Right Knee,795.0701177120209,582.9970550537109,0.9806498885154724
3,Left Ankle,1013.0142450332642,717.2539973258972,0.9556427597999573
3,Right Ankle,808.1916630268097,743.3480501174927,0.983768880367279
4,Nose,875.8273839950562,121.75847053527832,0.9999729990959167
4,Left Eye,882.257354259491,100.54620176553726,0.9998272657394409
4,Right Eye,887.6024186611176,100.37960439920425,0.9998379945755005
4,Left Ear,892.7195131778717,100.18789350986481,0.9997847080230713
4,Right Ear,862.9822611808777,100.50347417593002,0.9998576641082764
4,Left Shoulder,972.9325234889984,191.89229249954224,0.9999837279319763
4,Right Shoulder,742.5860345363617,201.41573309898376,0.9999904036521912
4,Left Elbow,1022.7578103542328,299.29696440696716,0.9968258738517761
4,Right Elbow,718.4557139873505,308.25199127197266,0.9960271716117859
4,Left Wrist,1052.7812540531158,403.249568939209,0.9903849363327026
4,Right Wrist,742.1221613883972,414.3851351737976,0.9892390966415405
4,Left Hip,949.1799890995026,414.21013712882996,0.9992098808288574
4,Right Hip,824.9576449394226,427.0305383205414,0.9996609687805176
4,Left Knee,1000.0342547893524,566.9437766075134,0.9652872681617737
4,Right Knee,794.9499368667603,583.642008304596,0.9801013469696045
4,Left Ankle,1012.5423073768616,717.887556552887,0.9557541608810425
4,Right Ankle,808.3674430847168,743.858335018158,0.9832377433776855
5,Nose,875.858461856842,122.51795142889023,0.9999743700027466
5,Left Eye,882.4825704097748,101.2360069155693,0.9998356103897095
5,Right Eye,887.9232287406921,101.04835152626038,0.9998452663421631
5,Left Ear,893.0942833423615,100.8304488658905,0.999792754650116
5,Right Ear,862.961345911026,101.14309251308441,0.9998652935028076
5,Left Shoulder,972.8964626789093,192.21552550792694,0.9999831318855286
5,Right Shoulder,742.157632112503,201.42210602760315,0.9999908208847046
5,Left Elbow,1022.6455628871918,299.85305070877075,0.9966875910758972
5,Right Elbow,718.2579696178436,308.9753186702728,0.9962102770805359
5,Left Wrist,1053.4159243106842,403.9133834838867,0.9898639917373657
5,Right Wrist,741.7691588401794,414.4498300552368,0.9897280931472778
5,Left Hip,949.4678199291229,413.97021889686584,0.9992413520812988
5,Right Hip,825.0704169273376,426.8844759464264,0.9996746182441711
5,Left Knee,1000.2689123153687,566.9206023216248,0.9657880663871765
5,Right Knee,794.8266088962555,584.0137624740601,0.9799910187721252
5,Left Ankle,1011.9215369224548,717.7369236946106,0.9563570022583008
5,Right Ankle,808.7754547595978,744.027829170227,0.9832057952880859
6,Nose,875.0236868858337,124.15548026561737,0.9999755620956421
6,Left Eye,882.1639239788055,102.37669676542282,0.9998459815979004
6,Right Eye,887.7854764461517,102.13425993919373,0.999854564666748
6,Left Ear,893.0210471153259,101.87885195016861,0.999803364276886
6,Right Ear,861.8910610675812,102.22426146268845,0.9998741149902344
6,Left Shoulder,972.9727804660797,192.5028383731842,0.9999833106994629
6,Right Shoulder,742.0093238353729,201.32750988006592,0.9999913573265076
6,Left Elbow,1022.6569712162018,301.4436435699463,0.996540367603302
6,Right Elbow,718.1670963764191,309.5102262496948,0.9962343573570251
6,Left Wrist,1053.871339559555,404.66246008872986,0.989486813545227
6,Right Wrist,741.3224637508392,414.7682511806488,0.9899868965148926
6,Left Hip,949.877142906189,413.62608075141907,0.9992520213127136
6,Right Hip,825.531142950058,426.78521275520325,0.9996818900108337
6,Left Knee,1000.2942860126495,566.8476676940918,0.9658030867576599
6,Right Knee,794.7059035301208,584.018976688385,0.9794731140136719
6,Left Ankle,1011.8821322917938,717.6236271858215,0.9561910629272461
6,Right Ankle,808.9947044849396,744.2439937591553,0.9827754497528076
7,Nose,874.6957302093506,124.71023887395859,0.9999762773513794
7,Left Eye,882.027679681778,102.81098932027817,0.9998540878295898
7,Right Eye,887.6929640769958,102.56806969642639,0.9998617768287659
7,Left Ear,892.9327309131622,102.32118308544159,0.9998111128807068
7,Right Ear,861.580216884613,102.62948960065842,0.9998811483383179
7,Left Shoulder,972.9763209819794,192.62976586818695,0.9999832510948181
7,Right Shoulder,741.625702381134,201.27501368522644,0.999991774559021
7,Left Elbow,1022.6841807365417,302.1351706981659,0.9963593482971191
7,Right Elbow,718.0558979511261,310.05945682525635,0.9962193369865417
7,Left Wrist,1054.03151512146,405.18590927124023,0.9889877438545227
7,Right Wrist,740.8717036247253,415.16427397727966,0.9901122450828552
7,Left Hip,949.9658524990082,413.5221827030182,0.9992613196372986
7,Right Hip,825.7459998130798,426.7335855960846,0.9996885657310486
7,Left Knee,1000.3789961338043,566.8454146385193,0.9654363989830017
7,Right Knee,794.614964723587,584.0311431884766,0.9788464307785034
7,Left Ankle,1011.8778705596924,717.820029258728,0.9555492401123047
7,Right Ankle,809.187924861908,744.296715259552,0.9822547435760498
8,Nose,874.6948778629303,125.44467866420746,0.9999768137931824
8,Left Eye,882.0339739322662,103.47354054450989,0.999860942363739
8,Right Eye,887.6997172832489,103.20719718933105,0.9998677968978882
8,Left Ear,892.9354190826416,102.93241292238235,0.999817430973053
8,Right Ear,861.578118801117,103.30363601446152,0.9998870491981506
8,Left Shoulder,972.9818940162659,192.7533620595932,0.9999831914901733
8,Right Shoulder,741.0987555980682,201.23642206192017,0.9999921321868896
8,Left Elbow,1022.8221297264099,302.868572473526,0.9961872100830078
8,Right Elbow,717.9530918598175,311.1202275753021,0.996196985244751
8,Left Wrist,1054.2468309402466,405.80710887908936,0.9885575771331787
8,Right Wrist,740.3817355632782,415.43187260627747,0.9902063012123108
8,Left Hip,949.9729335308075,413.2876718044281,0.9992685914039612
8,Right Hip,825.7534742355347,426.5837252140045,0.9996940493583679
8,Left Knee,1000.5239605903625,566.8115544319153,0.9648587107658386
8,Right Knee,794.5764124393463,584.0160155296326,0.978087306022644
8,Left Ankle,1011.8335485458374,717.9552125930786,0.9546056985855103
8,Right Ankle,809.3482971191406,744.3110060691833,0.9816831946372986
9,Nose,874.5860397815704,125.62460124492645,0.9999775290489197
9,Left Eye,882.0143699645996,103.63460183143616,0.9998690485954285
9,Right Eye,887.6900792121887,103.37981343269348,0.9998750686645508
9,Left Ear,892.9270923137665,103.11687380075455,0.9998260140419006
9,Right Ear,861.4212870597839,103.4386020898819,0.9998939037322998
9,Left Shoulder,972.9637980461121,192.7825391292572,0.9999831318855286
9,Right Shoulder,740.9723460674286,201.2399786710739,0.9999925494194031
9,Left Elbow,1022.8328824043274,302.9228389263153,0.995947003364563
9,Right Elbow,717.7915394306183,311.67386770248413,0.9960898756980896
9,Left Wrist,1054.349833726883,406.12157106399536,0.9879674315452576
9,Right Wrist,739.5742356777191,415.84643483161926,0.9901056289672852
9,Left Hip,949.9766051769257,413.21232318878174,0.9992702007293701
9,Right Hip,825.7334768772125,426.5456485748291,0.9997004270553589
9,Left Knee,1000.656270980835,566.6983222961426,0.9644087553024292
9,Right Knee,794.5147812366486,583.640398979187,0.9777199625968933
9,Left Ankle,1011.6836667060852,717.9315876960754,0.9540140628814697
9,Right Ankle,809.3816041946411,744.2624044418335,0.9814049005508423
10,Nose,873.8580048084259,126.07907474040985,0.9999778866767883
10,Left Eye,881.6293716430664,104.03048783540726,0.9998747110366821
10,Right Eye,887.405002117157,103.76062005758286,0.9998798966407776
10,Left Ear,892.6731586456299,103.49608719348907,0.9998317360877991
10,Right Ear,860.8410358428955,103.87920320034027,0.9998987913131714
10,Left Shoulder,972.9489803314209,192.97588348388672,0.9999828338623047
10,Right Shoulder,740.8107280731201,201.26202642917633,0.999992847442627
10,Left Elbow,1022.7182745933533,302.8499686717987,0.9957526326179504
10,Right Elbow,717.7720010280609,312.73203134536743,0.9960505366325378
10,Left Wrist,1054.4565737247467,406.48547172546387,0.9874764084815979
10,Right Wrist,739.2078578472137,416.1508870124817,0.9901118278503418
10,Left Hip,949.9172687530518,413.0597913265228,0.999270498752594
10,Right Hip,825.6372928619385,426.18499875068665,0.9997054934501648
10,Left Knee,1000.9431838989258,566.5415096282959,0.9638544321060181
10,Right Knee,794.486129283905,583.2256436347961,0.9773516058921814
10,Left Ankle,1011.3714456558228,717.7859115600586,0.9534066319465637
10,Right Ankle,809.423303604126,744.2294454574585,0.9812073707580566
11,Nose,873.0372607707977,126.01286709308624,0.9999790191650391
11,Left Eye,881.1327815055847,104.01692926883698,0.9998819231987
11,Right Eye,887.1443152427673,103.7512618303299,0.9998863935470581
11,Left Ear,892.542028427124,103.4787467122078,0.9998406171798706
11,Right Ear,859.8009765148163,103.88589799404144,0.9999048709869385
11,Left Shoulder,972.9502260684967,193.19608747959137,0.9999828338623047
11,Right Shoulder,740.8191204071045,201.40306770801544,0.9999931454658508
11,Left Elbow,1022.722601890564,302.6399838924408,0.9957431554794312
11,Right Elbow,717.5329506397247,313.5415542125702,0.9961425065994263
11,Left Wrist,1054.7951519489288,406.99437260627747,0.987433135509491
11,Right Wrist,738.8072550296783,416.30834341049194,0.9903140664100647
11,Left Hip,949.7976779937744,412.931946516037,0.9992899894714355
11,Right Hip,825.2110540866852,425.8356785774231,0.99971604347229
11,Left Knee,1001.1636793613434,566.7472457885742,0.963905930519104
11,Right Knee,794.3216264247894,583.0515146255493,0.9774905443191528
11,Left Ankle,1011.2428724765778,717.7427172660828,0.9538888931274414
11,Right Ankle,809.4508409500122,744.1944265365601,0.9814425706863403
12,Nose,872.3309278488159,125.96746802330017,0.999980092048645
12,Left Eye,880.6327819824219,104.00973558425903,0.9998888373374939
12,Right Eye,886.8364214897156,103.74114722013474,0.9998923540115356
12,Left Ear,892.3502504825592,103.47012877464294,0.9998489022254944
12,Right Ear,858.9396476745605,103.95536452531815,0.9999109506607056
12,Left Shoulder,972.9492425918579,193.40552508831024,0.9999824166297913
12,Right Shoulder,740.8251523971558,201.66490495204926,0.9999934434890747
12,Left Elbow,1022.6553320884705,302.75254011154175,0.9956388473510742
12,Right Elbow,717.3221588134766,313.8930630683899,0.9961908459663391
12,Left Wrist,1054.8064947128296,407.3756217956543,0.9870761632919312
12,Right Wrist,738.4820520877838,416.529883146286,0.9904583096504211
12,Left Hip,949.7856795787811,412.8884947299957,0.9992969632148743
12,Right Hip,825.112509727478,425.69425106048584,0.9997239112854004
12,Left Knee,1001.18767619133,566.8963980674744,0.9645944237709045
12,Right Knee,794.0111756324768,582.9908752441406,0.97805255651474
12,Left Ankle,1011.220908164978,717.7133631706238,0.9552072286605835
12,Right Ankle,809.450775384903,744.1525840759277,0.9820107817649841
13,Nose,871.4635670185089,125.27991592884064,0.999981164932251
13,Left Eye,879.9966037273407,103.41900050640106,0.9998961091041565
13,Right Eye,886.437851190567,103.13731223344803,0.9998990297317505
13,Left Ear,892.1297550201416,102.90873169898987,0.999858021736145
13,Right Ear,857.8594624996185,103.55938196182251,0.9999169111251831
13,Left Shoulder,972.9455053806305,193.4662127494812,0.999982476234436
13,Right Shoulder,740.9610688686371,202.55991518497467,0.9999936819076538
13,Left Elbow,1022.1700847148895,302.799950838089,0.9955858588218689
13,Right Elbow,717.018985748291,315.1657176017761,0.996211588382721
13,Left Wrist,1054.468047618866,407.15330958366394,0.9870129227638245
13,Right Wrist,738.1093800067902,416.760048866272,0.990502119064331
13,Left Hip,949.7675836086273,412.9430830478668,0.999308705329895
13,Right Hip,825.0868737697601,425.69164395332336,0.9997320771217346
13,Left Knee,1001.2588143348694,567.0622873306274,0.9651129245758057
13,Right Knee,793.9034521579742,582.7930569648743,0.9784530401229858
13,Left Ankle,1010.7878506183624,717.3896312713623,0.9562077522277832
13,Right Ankle,809.4019293785095,743.4831047058105,0.9824440479278564
14,Nose,869.5785045623779,124.88801300525665,0.9999818801879883
14,Left Eye,878.4606754779816,103.00924211740494,0.9999021887779236
14,Right Eye,885.2318465709686,102.72588819265366,0.9999046325683594
14,Left Ear,891.2454128265381,102.52650082111359,0.9998652935028076
14,Right Ear,856.0206234455109,103.28555524349213,0.9999217987060547
14,Left Shoulder,972.7693319320679,193.5487550497055,0.9999825358390808
14,Right Shoulder,741.0049974918365,202.64493584632874,0.9999938607215881
14,Left Elbow,1021.5093851089478,302.8217089176178,0.9954678416252136
14,Right Elbow,716.6694581508636,315.12770533561707,0.9960765242576599
14,Left Wrist,1054.1709065437317,406.49216651916504,0.9869751334190369
14,Right Wrist,737.5151634216309,416.81540966033936,0.990344226360321
14,Left Hip,949.6416330337524,412.99625515937805,0.9993200898170471
14,Right Hip,824.9439418315887,425.7317805290222,0.9997386932373047
14,Left Knee,1001.3508021831512,567.1576881408691,0.9653633832931519
14,Right Knee,793.8075959682465,583.0488753318787,0.9785335659980774
14,Left Ankle,1010.4857921600342,717.3316955566406,0.9570713639259338
14,Right Ankle,809.2378854751587,743.420147895813,0.982646107673645
15,Nose,868.7509417533875,124.45914387702942,0.9999823570251465
15,Left Eye,877.7942061424255,102.36085295677185,0.9999067187309265
15,Right Eye,884.6839189529419,102.0830512046814,0.9999088644981384
15,Left Ear,890.8212721347809,101.93031817674637,0.999870777130127
15,Right Ear,855.2163362503052,102.78031557798386,0.9999252557754517
15,Left Shoulder,972.4297046661377,193.59483003616333,0.999982476234436
15,Right Shoulder,741.0108327865601,203.3377504348755,0.9999939203262329
15,Left Elbow,1020.86501121521,302.79879212379456,0.9953880906105042
15,Right Elbow,716.342681646347,315.55800676345825,0.9959743618965149
15,Left Wrist,1053.8893043994904,406.24194860458374,0.9869070649147034
15,Right Wrist,737.1199369430542,416.96253418922424,0.9901154041290283
15,Left Hip,949.5632827281952,413.1138324737549,0.9993318319320679
15,Right Hip,824.7623264789581,425.983350276947,0.9997437000274658
15,Left Knee,1001.3578176498413,567.1581387519836,0.9645667672157288
15,Right Knee,793.7269508838654,583.3325028419495,0.9780030250549316
15,Left Ankle,1010.1808488368988,717.3092293739319,0.956682562828064
15,Right Ankle,808.9004218578339,743.411328792572,0.9823437333106995
16,Nose,868.3203756809235,124.24612551927567,0.9999829530715942
16,Left Eye,877.3665904998779,102.19738572835922,0.9999098181724548
16,Right Eye,884.2581391334534,101.91655039787292,0.9999118447303772
16,Left Ear,890.4225051403046,101.77996695041656,0.9998746514320374
16,Right Ear,854.9529612064362,102.66388893127441,0.9999276995658875
16,Left Shoulder,971.9822883605957,193.61666858196259,0.9999824166297913
16,Right Shoulder,741.0078823566437,203.7636262178421,0.9999939799308777
16,Left Elbow,1019.6865439414978,302.8065490722656,0.9954132437705994
16,Right Elbow,716.1735236644745,316.498464345932,0.9960692524909973
16,Left Wrist,1053.5070598125458,406.2191927433014,0.9868614673614502
16,Right Wrist,736.930125951767,417.37085223197937,0.9902384877204895
16,Left Hip,949.4974553585052,413.14701676368713,0.9993581175804138
16,Right Hip,824.6108055114746,426.0378098487854,0.9997519254684448
16,Left Knee,1001.4017462730408,567.110116481781,0.9644542336463928
16,Right Knee,793.7203943729401,583.3510422706604,0.9778255224227905
16,Left Ankle,1010.0490629673004,717.5434184074402,0.9567779898643494
16,Right Ankle,808.6778283119202,743.5136818885803,0.9821941256523132
17,Nose,868.0625081062317,124.14570361375809,0.9999837875366211
17,Left Eye,877.077054977417,102.14130878448486,0.9999143481254578
17,Right Eye,883.9450657367706,101.85752838850021,0.999916136264801
17,Left Ear,890.1118576526642,101.72758340835571,0.999880850315094
17,Right Ear,854.8119962215424,102.60125398635864,0.999931275844574
17,Left Shoulder,971.5385437011719,193.63485395908356,0.9999826550483704
17,Right Shoulder,740.985918045044,204.1632056236267,0.9999940395355225
17,Left Elbow,1019.2407667636871,302.8611373901367,0.9954834580421448
17,Right Elbow,715.9106731414795,317.28320360183716,0.9961851835250854
17,Left Wrist,1053.1411409378052,406.18855118751526,0.9870060086250305
17,Right Wrist,736.7696225643158,417.81309485435486,0.990418553352356
17,Left Hip,949.3924856185913,413.2470202445984,0.9993856549263
17,Right Hip,824.4692504405975,426.23884677886963,0.9997603893280029
17,Left Knee,1001.4220058917999,567.0870065689087,0.964803159236908
17,Right Knee,793.6878740787506,583.4884142875671,0.9779191017150879
17,Left Ankle,1009.871119260788,717.5659489631653,0.9573283195495605
17,Right Ankle,808.377867937088,743.5031890869141,0.9822356104850769
18,Nose,867.0929968357086,124.09899294376373,0.9999844431877136
18,Left Eye,876.0855138301849,102.1380740404129,0.9999186396598816
18,Right Eye,882.956475019455,101.85466378927231,0.9999201893806458
18,Left Ear,889.1822099685669,101.72444522380829,0.9998863339424133
18,Right Ear,854.088944196701,102.59507417678833,0.9999346137046814
18,Left Shoulder,971.3894486427307,193.7274867296219,0.999983012676239
18,Right Shoulder,740.9764111042023,204.3877387046814,0.999994158744812
18,Left Elbow,1018.9198911190033,302.9372262954712,0.9955077171325684
18,Right Elbow,715.8175706863403,318.20380210876465,0.9961791038513184
18,Left Wrist,1053.0997037887573,406.1218285560608,0.9871408343315125
18,Right Wrist,736.6504907608032,418.09537053108215,0.9904841780662537
18,Left Hip,949.2918431758881,413.28545093536377,0.9994025230407715
18,Right Hip,824.3290066719055,426.4638948440552,0.9997655749320984
18,Left Knee,1001.6101121902466,567.2665429115295,0.965211808681488
18,Right Knee,793.6220467090607,583.7495756149292,0.9780105352401733
18,Left Ankle,1009.7666084766388,717.8336119651794,0.957740068435669
18,Right Ankle,808.2658171653748,743.5145831108093,0.9823614358901978
19,Nose,866.5252029895782,124.0105202794075,0.9999849200248718
19,Left Eye,875.4912316799164,102.1296089887619,0.9999225735664368
19,Right Eye,882.3507189750671,101.83943957090378,0.9999238848686218
19,Left Ear,888.5763227939606,101.70459419488907,0.9998910427093506
19,Right Ear,853.618186712265,102.58981168270111,0.9999376535415649
19,Left Shoulder,971.3792204856873,193.83220553398132,0.9999833703041077
19,Right Shoulder,740.9829676151276,204.4108808040619,0.9999943375587463
19,Left Elbow,1018.8821256160736,302.9594671726227,0.9954813122749329
19,Right Elbow,715.5402958393097,318.08120369911194,0.9961496591567993
19,Left Wrist,1053.0080437660217,405.88117003440857,0.9871628880500793
19,Right Wrist,736.5981698036194,418.12997102737427,0.9905252456665039
19,Left Hip,949.2066085338593,413.29365849494934,0.9994140267372131
19,Right Hip,824.2736041545868,426.5810537338257,0.9997707605361938
19,Left Knee,1001.637190580368,567.1276259422302,0.9657586812973022
19,Right Knee,793.6069011688232,583.7748742103577,0.9782729148864746
19,Left Ankle,1009.5648646354675,717.8258228302002,0.9583511352539062
19,Right Ankle,808.2624733448029,743.5086607933044,0.982632040977478
20,Nose,866.3171648979187,123.79554659128189,0.9999855160713196
20,Left Eye,875.2015650272369,102.02299118041992,0.9999268054962158
20,Right Eye,882.0777714252472,101.70269519090652,0.9999279379844666
20,Left Ear,888.3180618286133,101.54494911432266,0.9998963475227356
20,Right Ear,853.327864408493,102.55340874195099,0.9999409317970276
20,Left Shoulder,971.3864326477051,193.89667510986328,0.9999838471412659
20,Right Shoulder,741.0841345787048,204.56951200962067,0.9999945163726807
20,Left Elbow,1018.8797652721405,303.0366826057434,0.9954898953437805
20,Right Elbow,715.189391374588,318.0579650402069,0.9961252212524414
20,Left Wrist,1052.9755890369415,405.5854082107544,0.9872735738754272
20,Right Wrist,736.5802705287933,418.14059257507324,0.9905291199684143
20,Left Hip,949.1949379444122,413.2952034473419,0.9994271993637085
20,Right Hip,824.3651330471039,426.67606830596924,0.9997764825820923
20,Left Knee,1001.6840696334839,567.1124982833862,0.9663558602333069
20,Right Knee,793.5985743999481,583.9851808547974,0.9785352945327759
20,Left Ankle,1009.4760239124298,717.7821779251099,0.9590185880661011
20,Right Ankle,808.2814872264862,743.5037684440613,0.9828634858131409
21,Nose,866.1000788211823,123.78223747015,0.9999858736991882
21,Left Eye,874.8681008815765,102.04594820737839,0.9999297857284546
21,Right Eye,881.7122459411621,101.71271324157715,0.9999306797981262
21,Left Ear,887.9269003868103,101.54755622148514,0.9999000430107117
21,Right Ear,853.1174659729004,102.6230040192604,0.9999434351921082
21,Left Shoulder,971.3295221328735,193.97900819778442,0.9999839663505554
21,Right Shoulder,741.07666015625,204.77360665798187,0.9999945759773254
21,Left Elbow,1018.8637673854828,303.0374872684479,0.9955116510391235
21,Right Elbow,714.8763835430145,318.0954623222351,0.9960961937904358
21,Left Wrist,1052.8886497020721,405.5724048614502,0.9873353242874146
21,Right Wrist,736.5842700004578,418.14966917037964,0.990516722202301
21,Left Hip,949.1873979568481,413.2191467285156,0.9994348883628845
21,Right Hip,824.4850516319275,426.6896188259125,0.999780535697937
21,Left Knee,1001.7188847064972,566.7609572410583,0.9668039083480835
21,Right Knee,793.5829699039459,584.298677444458,0.978672444820404
21,Left Ankle,1009.3521058559418,717.7034497261047,0.9596274495124817
21,Right Ankle,808.483624458313,743.6202836036682,0.9830905795097351
22,Nose,865.5381858348846,123.76841336488724,0.9999864101409912
22,Left Eye,874.3830502033234,102.11447328329086,0.9999329447746277
22,Right Eye,881.2330961227417,101.77785068750381,0.9999335408210754
22,Left Ear,887.4784350395203,101.60832434892654,0.9999042749404907
22,Right Ear,852.6294648647308,102.67304599285126,0.999946117401123
22,Left Shoulder,971.1086332798004,194.02738451957703,0.9999839663505554
22,Right Shoulder,741.1124587059021,204.77743685245514,0.9999946355819702
22,Left Elbow,1018.7784016132355,302.974112033844,0.9955803155899048
22,Right Elbow,714.8337662220001,318.07241678237915,0.9961326718330383
22,Left Wrist,1052.7995467185974,405.57140707969666,0.9874870181083679
22,Right Wrist,736.5776479244232,418.2233762741089,0.9906420111656189
22,Left Hip,949.0743637084961,413.21110010147095,0.9994453191757202
22,Right Hip,824.4859039783478,426.7023968696594,0.9997859597206116
22,Left Knee,1001.7627477645874,566.8931794166565,0.9674513936042786
22,Right Knee,793.5743808746338,584.4676566123962,0.9791015386581421
22,Left Ankle,1008.9769423007965,717.5859045982361,0.9604625701904297
22,Right Ankle,808.5435509681702,743.7902927398682,0.9834962487220764
23,Nose,865.7784819602966,123.7881276011467,0.9999869465827942
23,Left Eye,874.4846105575562,102.21730917692184,0.9999362826347351
23,Right Eye,881.2747299671173,101.8803083896637,0.9999365210533142
23,Left Ear,887.4825656414032,101.71467661857605,0.9999083280563354
23,Right Ear,852.8609097003937,102.77654975652695,0.9999490976333618
23,Left Shoulder,970.8835482597351,194.05110597610474,0.9999839067459106
23,Right Shoulder,741.1201298236847,204.7368335723877,0.9999948143959045
23,Left Elbow,1018.7808275222778,302.6324200630188,0.9955145716667175
23,Right Elbow,714.8302257061005,317.38105058670044,0.9961073994636536
23,Left Wrist,1052.7739107608795,405.5737888813019,0.9872884750366211
23,Right Wrist,736.578106880188,418.22054386138916,0.9906057715415955
23,Left Hip,949.0615129470825,413.19809675216675,0.9994475245475769
23,Right Hip,824.5295703411102,426.6933846473694,0.9997907876968384
23,Left Knee,1001.8622756004333,566.8898963928223,0.9685149192810059
23,Right Knee,793.5883462429047,584.6502184867859,0.979887843132019
23,Left Ankle,1008.7989985942841,717.4196290969849,0.9618794918060303
23,Right Ankle,808.6217045783997,744.0145039558411,0.9841277599334717
24,Nose,865.8398509025574,123.78031432628632,0.9999875426292419
24,Left Eye,874.549126625061,102.27933257818222,0.9999397397041321
24,Right Eye,881.3194453716278,101.95640534162521,0.9999396204948425
24,Left Ear,887.4990224838257,101.80687487125397,0.9999126195907593
24,Right Ear,852.8983473777771,102.81516551971436,0.9999520778656006
24,Left Shoulder,970.5829322338104,194.0503978729248,0.9999838471412659
24,Right Shoulder,741.13809466362,204.70873475074768,0.9999949932098389
24,Left Elbow,1018.7874495983124,302.2550332546234,0.9954738020896912
24,Right Elbow,714.8271441459656,317.0656228065491,0.9960959553718567
24,Left Wrist,1052.7417182922363,405.58453917503357,0.9871656894683838
24,Right Wrist,736.6406559944153,418.2253396511078,0.990602433681488
24,Left Hip,949.0539729595184,413.20125102996826,0.9994438886642456
24,Right Hip,824.5473384857178,426.69628143310547,0.9997938871383667
24,Left Knee,1001.9321024417877,567.0322251319885,0.9693432450294495
24,Right Knee,793.5821831226349,584.9975752830505,0.9806078672409058
24,Left Ankle,1008.658492565155,717.2011470794678,0.9629499912261963
24,Right Ankle,808.6590111255646,744.2554521560669,0.9846506118774414
25,Nose,865.5650675296783,123.8190346956253,0.9999880790710449
25,Left Eye,874.379312992096,102.32221305370331,0.9999426603317261
25,Right Eye,881.1892330646515,101.9912713766098,0.9999423623085022
25,Left Ear,887.3975932598114,101.83329999446869,0.9999162554740906
25,Right Ear,852.5705873966217,102.89763540029526,0.9999545216560364
25,Left Shoulder,970.416396856308,193.93864631652832,0.9999839663505554
25,Right Shoulder,741.0952806472778,204.6449249982834,0.9999951720237732
25,Left Elbow,1018.807053565979,302.0840907096863,0.9954636693000793
25,Right Elbow,714.8245215415955,316.433801651001,0.9961001873016357
25,Left Wrist,1052.7435541152954,405.7989013195038,0.9871019124984741
25,Right Wrist,736.6702258586884,417.86691069602966,0.9906469583511353
25,Left Hip,949.0425646305084,413.14878702163696,0.9994505047798157
25,Right Hip,824.5859563350677,426.64825916290283,0.9997983574867249
25,Left Knee,1001.9875049591064,567.020959854126,0.9699888825416565
25,Right Knee,793.5775935649872,586.0048198699951,0.9810904860496521
25,Left Ankle,1008.16570520401,716.5075278282166,0.963697612285614
25,Right Ankle,808.6587488651276,744.5775103569031,0.9849611520767212
26,Nose,865.6617760658264,124.4285586476326,0.9999884366989136
26,Left Eye,874.4955599308014,102.66450047492981,0.9999447464942932
26,Right Eye,881.3091516494751,102.28960812091827,0.999944269657135
26,Left Ear,887.4978423118591,102.08751708269119,0.9999188184738159
26,Right Ear,852.6055335998535,103.3441749215126,0.9999563097953796
26,Left Shoulder,970.3988909721375,193.90251696109772,0.9999840259552002
26,Right Shoulder,741.08806848526,204.48370277881622,0.9999952912330627
26,Left Elbow,1018.8086271286011,302.0773959159851,0.9954369068145752
26,Right Elbow,714.8126542568207,315.61729431152344,0.9961329698562622
26,Left Wrist,1052.7527987957,405.9663999080658,0.9870737791061401
26,Right Wrist,736.6921901702881,417.7067184448242,0.9907176494598389
26,Left Hip,949.0690529346466,413.0795216560364,0.9994540810585022
26,Right Hip,824.6717154979706,426.60046219825745,0.9998010993003845
26,Left Knee,1002.127355337143,567.0407867431641,0.9702185988426208
26,Right Knee,793.5774624347687,586.3015794754028,0.9813264608383179
26,Left Ankle,1007.7445805072784,715.8215045928955,0.9638895392417908
26,Right Ankle,808.6572408676147,744.6645426750183,0.9850662350654602
27,Nose,865.8787965774536,125.03591001033783,0.9999887347221375
27,Left Eye,874.7639179229736,103.11588406562805,0.9999463558197021
27,Right Eye,881.542694568634,102.72278219461441,0.9999456405639648
27,Left Ear,887.6709997653961,102.50598192214966,0.9999209642410278
27,Right Ear,852.8098344802856,103.83967012166977,0.9999577403068542
27,Left Shoulder,970.3275561332703,193.90121340751648,0.9999840259552002
27,Right Shoulder,740.862786769867,204.2498356103897,0.9999954104423523
27,Left Elbow,1018.7363088130951,302.0697355270386,0.995456337928772
27,Right Elbow,714.8099660873413,315.1229739189148,0.9962165951728821
27,Left Wrist,1052.7567327022552,405.971839427948,0.987198531627655
27,Right Wrist,736.6952061653137,417.6691246032715,0.9909220933914185
27,Left Hip,949.0649878978729,413.00893664360046,0.9994622468948364
27,Right Hip,824.6910572052002,426.5588128566742,0.9998044371604919
27,Left Knee,1002.1635472774506,566.9724225997925,0.9703272581100464
27,Right Knee,793.5718238353729,586.450731754303,0.981389582157135
27,Left Ankle,1007.3723018169403,714.8269414901733,0.9639888405799866
27,Right Ankle,808.6576998233795,744.7506737709045,0.9851181507110596
28,Nose,867.0339226722717,125.04527628421783,0.9999891519546509
28,Left Eye,875.908225774765,103.11887741088867,0.9999487400054932
28,Right Eye,882.5552821159363,102.72485017776489,0.9999478459358215
28,Left Ear,888.6038601398468,102.50652104616165,0.9999241232872009
28,Right Ear,853.7829518318176,103.86640101671219,0.9999597072601318
28,Left Shoulder,970.2865779399872,193.89445424079895,0.9999842047691345
28,Right Shoulder,740.7343447208405,203.97835850715637,0.9999955296516418
28,Left Elbow,1018.6298310756683,301.8357717990875,0.9954532384872437
28,Right Elbow,714.8077368736267,313.95756483078003,0.9962653517723083
28,Left Wrist,1052.7307033538818,405.94712018966675,0.9874367117881775
28,Right Wrist,736.7302179336548,417.59718775749207,0.9910768270492554
28,Left Hip,949.0598738193512,412.8614580631256,0.9994712471961975
28,Right Hip,824.6956467628479,426.49025559425354,0.9998088479042053
28,Left Knee,1002.26891040802,566.8880295753479,0.9706881642341614
28,Right Knee,793.5742497444153,586.5125942230225,0.9815707802772522
28,Left Ankle,1007.0973217487335,713.5605955123901,0.9643704891204834
28,Right Ankle,808.6760580539703,744.7112131118774,0.9852982759475708
29,Nose,868.8957095146179,125.04077017307281,0.9999895095825195
29,Left Eye,877.4592339992523,103.11927169561386,0.9999508857727051
29,Right Eye,883.890974521637,102.7249950170517,0.9999498128890991
29,Left Ear,889.8696601390839,102.50248968601227,0.9999268054962158
29,Right Ear,855.3887724876404,103.87997567653656,0.9999614357948303
29,Left Shoulder,970.29949426651,193.8890951871872,0.9999844431877136
29,Right Shoulder,740.7016932964325,203.94676744937897,0.9999956488609314
29,Left Elbow,1018.5318112373352,301.767053604126,0.9954627156257629
29,Right Elbow,714.7877395153046,312.9902958869934,0.9962770342826843
29,Left Wrist,1052.7044773101807,405.9468626976013,0.9876952171325684
29,Right Wrist,736.7549359798431,417.43361592292786,0.9911322593688965
29,Left Hip,949.0577101707458,412.69766092300415,0.9994774460792542
29,Right Hip,824.7025310993195,426.4147460460663,0.9998124837875366
29,Left Knee,1002.5465786457062,566.8849396705627,0.9711459279060364
29,Right Knee,793.5718238353729,586.6116642951965,0.9818289875984192
29,Left Ankle,1006.974059343338,713.2006859779358,0.9648621678352356
29,Right Ankle,808.6715996265411,744.711663722992,0.9855464696884155
30,Nose,869.1338419914246,125.04398882389069,0.9999899864196777
30,Left Eye,877.6896953582764,103.16864579916,0.99995356798172
30,Right Eye,884.1455638408661,102.8122928738594,0.9999525547027588
30,Left Ear,890.1433944702148,102.61350095272064,0.9999302625656128
30,Right Ear,855.5609464645386,103.88036996126175,0.9999635219573975
30,Left Shoulder,970.3097224235535,193.91169011592865,0.9999847412109375
30,Right Shoulder,740.9425139427185,203.72698187828064,0.9999958276748657
30,Left Elbow,1018.5294508934021,301.31612062454224,0.9954633116722107
30,Right Elbow,714.7851169109344,311.0189366340637,0.9962758421897888
30,Left Wrist,1052.674776315689,405.93019008636475,0.987735390663147
30,Right Wrist,736.8791818618774,417.3457145690918,0.9910585284233093
30,Left Hip,949.122554063797,412.6377296447754,0.999487042427063
30,Right Hip,824.7637033462524,426.36141300201416,0.9998171329498291
30,Left Knee,1002.6340425014496,566.7771792411804,0.9718512892723083
30,Right Knee,793.5658574104309,586.6117930412292,0.9823644757270813
30,Left Ankle,1006.9470465183258,713.0908012390137,0.9656259417533875
30,Right Ankle,808.6668789386749,744.6955060958862,0.9858445525169373
31,Nose,870.1651811599731,125.10486155748367,0.9999902248382568
31,Left Eye,878.6681890487671,103.4204649925232,0.999954879283905
31,Right Eye,884.9809944629669,103.14626812934875,0.9999536275863647
31,Left Ear,890.884804725647,102.98854619264603,0.9999314546585083
31,Right Ear,856.4365029335022,103.97891700267792,0.9999647736549377
31,Left Shoulder,970.3052639961243,193.89736711978912,0.9999845623970032
31,Right Shoulder,740.943431854248,203.49158585071564,0.9999959468841553
31,Left Elbow,1018.5856401920319,301.2001848220825,0.9954118728637695
31,Right Elbow,714.7826910018921,310.4015350341797,0.9963020086288452
31,Left Wrist,1052.6668429374695,405.9388482570648,0.987649142742157
31,Right Wrist,736.9560897350311,417.333322763443,0.9910978078842163
31,Left Hip,949.2014944553375,412.4931800365448,0.9994840621948242
31,Right Hip,824.8243510723114,426.22552156448364,0.9998183250427246
31,Left Knee,1002.6877403259277,566.7771148681641,0.9725015759468079
31,Right Knee,793.5534656047821,586.6096043586731,0.9828355312347412
31,Left Ankle,1006.9891393184662,713.1005215644836,0.9663199782371521
31,Right Ankle,808.6327850818634,744.695634841919,0.9861550331115723
32,Nose,870.5908954143524,124.86874133348465,0.9999904632568359
32,Left Eye,879.1505515575409,103.34205061197281,0.9999563694000244
32,Right Eye,885.4765355587006,103.10693621635437,0.9999549984931946
32,Left Ear,891.4101123809814,102.96782612800598,0.9999330639839172
32,Right Ear,856.7906200885773,103.80251079797745,0.9999661445617676
32,Left Shoulder,970.2626466751099,193.89701306819916,0.9999845027923584
32,Right Shoulder,740.9330725669861,203.34888696670532,0.9999960660934448
32,Left Elbow,1018.6638593673706,301.19574308395386,0.9953795671463013
32,Right Elbow,714.7836089134216,310.3752386569977,0.996320903301239
32,Left Wrist,1052.6976585388184,405.9883189201355,0.9875989556312561
32,Right Wrist,737.0982348918915,417.33670234680176,0.9911213517189026
32,Left Hip,949.2193281650543,412.33060598373413,0.9994790554046631
32,Right Hip,824.816483259201,426.0861539840698,0.9998183846473694
32,Left Knee,1002.6954770088196,567.0777368545532,0.9729160070419312
32,Right Knee,793.5484826564789,586.624538898468,0.9831960797309875
32,Left Ankle,1007.3315858840942,713.7362051010132,0.9667754173278809
32,Right Ankle,808.6095094680786,744.6971797943115,0.9863693714141846
33,Nose,870.7028150558472,124.67488199472427,0.9999907612800598
33,Left Eye,879.3314456939697,103.25806796550751,0.9999580383300781
33,Right Eye,885.7098162174225,103.0474716424942,0.9999566078186035
33,Left Ear,891.696172952652,102.9191842675209,0.99993497133255
33,Right Ear,856.863397359848,103.66330415010452,0.9999675750732422
33,Left Shoulder,970.2740550041199,193.9092117547989,0.9999845623970032
33,Right Shoulder,740.9278929233551,203.11484277248383,0.9999961853027344
33,Left Elbow,1018.8486874103546,301.20939016342163,0.9953619241714478
33,Right Elbow,714.8506820201874,310.24285554885864,0.9963497519493103
33,Left Wrist,1052.8057754039764,406.0324788093567,0.9875432252883911
33,Right Wrist,737.2428059577942,417.37709641456604,0.9911788702011108
33,Left Hip,949.2332279682159,412.2783672809601,0.9994802474975586
33,Right Hip,824.7998297214508,426.02474212646484,0.9998196363449097
33,Left Knee,1002.7063608169556,567.2353863716125,0.973388671875
33,Right Knee,793.5406148433685,586.6296243667603,0.9835067987442017
33,Left Ankle,1007.5293302536011,713.915548324585,0.9672974944114685
33,Right Ankle,808.5548937320709,744.5952773094177,0.9865504503250122
34,Nose,870.8504676818848,123.8281837105751,0.9999911785125732
34,Left Eye,879.5293211936951,102.64472991228104,0.9999600648880005
34,Right Eye,886.0137760639191,102.47496217489243,0.9999586343765259
34,Left Ear,892.1479165554047,102.37052500247955,0.9999376535415649
34,Right Ear,856.8940162658691,103.0223098397255,0.9999691247940063
34,Left Shoulder,970.315033197403,193.92564296722412,0.9999846816062927
34,Right Shoulder,741.110622882843,202.48672306537628,0.9999963045120239
34,Left Elbow,1019.031286239624,301.2941372394562,0.9953816533088684
34,Right Elbow,714.8567140102386,309.26074862480164,0.9963861107826233
34,Left Wrist,1052.8617024421692,406.1567509174347,0.9876316785812378
34,Right Wrist,737.3467266559601,417.27397084236145,0.991208553314209
34,Left Hip,949.2281794548035,412.2732174396515,0.9994881749153137
34,Right Hip,824.7682273387909,425.9578263759613,0.9998233318328857
34,Left Knee,1002.6623010635376,567.1577525138855,0.9739102125167847
34,Right Knee,793.5496628284454,586.6357398033142,0.983882486820221
34,Left Ankle,1007.6162695884705,713.924560546875,0.9679883122444153
34,Right Ankle,808.5278809070587,744.4302248954773,0.9867725372314453
35,Nose,871.0508346557617,123.2730308175087,0.9999914765357971
35,Left Eye,879.7560453414917,102.20189988613129,0.999961793422699
35,Right Eye,886.3184571266174,102.04775869846344,0.9999603629112244
35,Left Ear,892.5609767436981,101.95354074239731,0.9999401569366455
35,Right Ear,857.0095419883728,102.60683834552765,0.9999704360961914
35,Left Shoulder,970.650988817215,193.97096157073975,0.9999849796295166
35,Right Shoulder,741.3540661334991,202.019664645195,0.9999963641166687
35,Left Elbow,1019.3353116512299,301.9200038909912,0.9954158067703247
35,Right Elbow,714.8592054843903,308.8083028793335,0.9963829517364502
35,Left Wrist,1052.9522478580475,406.2166500091553,0.9879075884819031
35,Right Wrist,737.428617477417,417.1939551830292,0.9911788105964661
35,Left Hip,949.2157876491547,412.2675848007202,0.9994935393333435
35,Right Hip,824.7065305709839,425.94926476478577,0.9998245239257812
35,Left Knee,1002.6071608066559,567.1624517440796,0.9741665124893188
35,Right Knee,793.5474991798401,586.7740774154663,0.9840184450149536
35,Left Ankle,1007.6589524745941,713.9343452453613,0.9683600068092346
35,Right Ankle,808.4564805030823,744.0767526626587,0.9868363738059998
36,Nose,871.1767852306366,122.76109635829926,0.999991774559021
36,Left Eye,879.8534750938416,101.7513370513916,0.9999631643295288
36,Right Eye,886.465585231781,101.61608934402466,0.9999618530273438
36,Left Ear,892.7860617637634,101.54035449028015,0.9999422430992126
36,Right Ear,857.0671737194061,102.18239486217499,0.9999713897705078
36,Left Shoulder,971.0765063762665,194.00725185871124,0.99998539686203
36,Right Shoulder,741.6116058826447,202.06784784793854,0.9999963641166687
36,Left Elbow,1019.6795284748077,302.6189339160919,0.9955018758773804
36,Right Elbow,715.0151193141937,308.8462829589844,0.9964266419410706
36,Left Wrist,1052.9854893684387,406.24497413635254,0.9882248044013977
36,Right Wrist,737.5679433345795,417.19202399253845,0.9912208914756775
36,Left Hip,949.2169678211212,412.3249411582947,0.9995015263557434
36,Right Hip,824.7222006320953,425.98347902297974,0.9998260140419006
36,Left Knee,1002.6000797748566,567.2538614273071,0.9743348360061646
36,Right Knee,793.52907538414,587.0942687988281,0.9841005802154541
36,Left Ankle,1007.6297760009766,714.1359615325928,0.96837317943573
36,Right Ankle,808.428418636322,743.9502596855164,0.9868397116661072
37,Nose,871.7311382293701,122.26993829011917,0.999991774559021
37,Left Eye,880.3792417049408,101.39228850603104,0.9999632835388184
37,Right Eye,887.0243310928345,101.27994149923325,0.9999619126319885
37,Left Ear,893.3684766292572,101.22239202260971,0.9999422430992126
37,Right Ear,857.5761556625366,101.73298269510269,0.9999714493751526
37,Left Shoulder,971.28946185112,193.98715138435364,0.9999856352806091
37,Right Shoulder,741.7548656463623,201.96713626384735,0.9999963641166687
37,Left Elbow,1020.0878024101257,303.3218228816986,0.9955710768699646
37,Right Elbow,715.177983045578,309.04303908348083,0.9964860677719116
37,Left Wrist,1053.0225992202759,406.26206517219543,0.9884777069091797
37,Right Wrist,737.7498865127563,417.200231552124,0.9913148880004883
37,Left Hip,949.2204427719116,412.33614206314087,0.9995046257972717
37,Right Hip,824.7631788253784,425.98541021347046,0.9998250007629395
37,Left Knee,1002.4210214614868,567.2531533241272,0.9744120836257935
37,Right Knee,793.4985876083374,587.1117782592773,0.9840615391731262
37,Left Ankle,1007.6702952384949,714.7157692909241,0.9682339429855347
37,Right Ankle,808.3928823471069,743.8342595100403,0.9867205023765564
38,Nose,872.0280826091766,122.01025754213333,0.999991774559021
38,Left Eye,880.6441903114319,101.21745139360428,0.9999634623527527
38,Right Eye,887.3119652271271,101.11250728368759,0.9999622106552124
38,Left Ear,893.6727643013,101.05930298566818,0.9999423623085022
38,Right Ear,857.8986704349518,101.47552281618118,0.9999715685844421
38,Left Shoulder,971.7391073703766,194.0008145570755,0.9999858736991882
38,Right Shoulder,741.9560194015503,201.93911790847778,0.9999963641166687
38,Left Elbow,1020.5938994884491,304.07984733581543,0.9956325888633728
38,Right Elbow,715.3699576854706,309.14870738983154,0.9965245723724365
38,Left Wrist,1053.1070470809937,406.4311408996582,0.988696813583374
38,Right Wrist,737.9162907600403,417.2105312347412,0.9913877248764038
38,Left Hip,949.2145419120789,412.3965883255005,0.9995090365409851
38,Right Hip,824.7783243656158,426.00066661834717,0.9998246431350708
38,Left Knee,1002.1204054355621,567.2541832923889,0.9742987751960754
38,Right Knee,793.4701323509216,587.2899627685547,0.9839186668395996
38,Left Ankle,1007.6830804347992,715.2350664138794,0.9679548740386963
38,Right Ankle,808.3681643009186,743.7544369697571,0.9864968061447144
39,Nose,872.6196110248566,121.55904293060303,0.9999920129776001
39,Left Eye,881.1977565288544,100.77009111642838,0.9999648928642273
39,Right Eye,887.9027724266052,100.66866338253021,0.9999637603759766
39,Left Ear,894.2823231220245,100.61031728982925,0.9999443888664246
39,Right Ear,858.4424018859863,100.94331085681915,0.9999724626541138
39,Left Shoulder,972.4674046039581,194.11536633968353,0.9999864101409912
39,Right Shoulder,742.2926962375641,201.78631246089935,0.9999964237213135
39,Left Elbow,1020.6644475460052,305.6416654586792,0.995688796043396
39,Right Elbow,715.4540777206421,309.1609060764313,0.9965124726295471
39,Left Wrist,1053.2181143760681,406.5673542022705,0.9889962673187256
39,Right Wrist,738.138884305954,417.255882024765,0.9913825392723083
39,Left Hip,949.2746651172638,412.4690079689026,0.9995167851448059
39,Right Hip,824.8919486999512,426.04057788848877,0.9998252391815186
39,Left Knee,1002.0084857940674,567.2336483001709,0.9739457368850708
39,Right Knee,793.4372186660767,587.3703646659851,0.9835208654403687
39,Left Ankle,1007.6792120933533,715.6658506393433,0.9670147895812988
39,Right Ankle,808.343642950058,743.7474846839905,0.9859656691551208
40,Nose,872.6140379905701,120.91730028390884,0.9999921917915344
40,Left Eye,881.2189340591431,100.35345286130905,0.9999658465385437
40,Right Eye,887.9546999931335,100.3325155377388,0.9999648928642273
40,Left Ear,894.377851486206,100.33200055360794,0.9999457001686096
40,Right Ear,858.4443032741547,100.16395479440689,0.9999729990959167
40,Left Shoulder,972.8734493255615,194.2653876543045,0.9999868273735046
40,Right Shoulder,742.4025177955627,201.8123835325241,0.9999964237213135
40,Left Elbow,1020.7009673118591,306.6996681690216,0.9958057403564453
40,Right Elbow,715.6839489936829,310.2468466758728,0.996527373790741
40,Left Wrist,1053.3514082431793,406.6750180721283,0.9893577694892883
40,Right Wrist,738.3090257644653,417.5543797016144,0.9914690256118774
40,Left Hip,949.3315100669861,412.5268793106079,0.9995290637016296
40,Right Hip,824.9792814254761,426.20872020721436,0.9998273253440857
40,Left Knee,1001.8850922584534,567.2447204589844,0.9736431241035461
40,Right Knee,793.416041135788,587.3791193962097,0.9831010699272156
40,Left Ankle,1007.6532483100891,715.8042526245117,0.9662505984306335
40,Right Ankle,808.0839395523071,743.5700082778931,0.9855923652648926
41,Nose,872.634494304657,120.4762727022171,0.9999921917915344
41,Left Eye,881.2785983085632,99.97458547353745,0.9999657273292542
41,Right Eye,888.0306899547577,99.99034881591797,0.9999649524688721
41,Left Ear,894.4754779338837,100.01227587461472,0.9999454021453857
41,Right Ear,858.5108518600464,99.56951826810837,0.9999727010726929
41,Left Shoulder,973.1887519359589,194.2879343032837,0.9999869465827942
41,Right Shoulder,742.4066483974457,201.7352968454361,0.9999963641166687
41,Left Elbow,1020.7533538341522,307.0389783382416,0.9958832859992981
41,Right Elbow,715.8515334129333,310.58165073394775,0.996565580368042
41,Left Wrist,1053.4526407718658,406.8663990497589,0.9895895719528198
41,Right Wrist,738.324761390686,417.7624976634979,0.9915466904640198
41,Left Hip,949.358719587326,412.5286817550659,0.9995356798171997
41,Right Hip,825.001049041748,426.2467646598816,0.9998273849487305
41,Left Knee,1001.7863512039185,567.2503852844238,0.973249077796936
41,Right Knee,793.4109926223755,587.3937320709229,0.9826976656913757
41,Left Ankle,1007.6224982738495,715.9002327919006,0.9656631946563721
41,Right Ankle,807.595545053482,743.3209490776062,0.9852723479270935
42,Nose,872.6945519447327,120.38446873426437,0.9999922513961792
42,Left Eye,881.3235759735107,99.89529401063919,0.9999657273292542
42,Right Eye,888.0675375461578,99.90008175373077,0.9999650716781616
42,Left Ear,894.5134401321411,99.91225630044937,0.999945342540741
42,Right Ear,858.637261390686,99.52682286500931,0.9999725818634033
42,Left Shoulder,973.673802614212,194.35198545455933,0.9999870657920837
42,Right Shoulder,742.7502751350403,201.73299551010132,0.9999963045120239
42,Left Elbow,1020.9976494312286,307.49287247657776,0.9959603548049927
42,Right Elbow,715.9860730171204,310.9904193878174,0.9966164827346802
42,Left Wrist,1053.6511063575745,407.1338367462158,0.9897988438606262
42,Right Wrist,738.3349239826202,417.9268741607666,0.9916544556617737
42,Left Hip,949.4377911090851,412.53634214401245,0.9995442628860474
42,Right Hip,825.1883685588837,426.25844836235046,0.9998286962509155
42,Left Knee,1001.7670750617981,567.340829372406,0.9730451107025146
42,Right Knee,793.4055507183075,587.4495434761047,0.9824671149253845
42,Left Ankle,1007.612270116806,716.0065770149231,0.9654138684272766
42,Right Ankle,807.3184669017792,743.2666826248169,0.9851106405258179
43,Nose,872.9246854782104,120.33363819122314,0.9999922513961792
43,Left Eye,881.4610660076141,99.81933385133743,0.9999657273292542
43,Right Eye,888.1852269172668,99.80545341968536,0.9999651312828064
43,Left Ear,894.6304082870483,99.80104386806488,0.9999452233314514
43,Right Ear,858.8904738426208,99.50204730033875,0.9999724626541138
43,Left Shoulder,974.1418719291687,194.36914086341858,0.9999871253967285
43,Right Shoulder,743.1622862815857,201.73172414302826,0.9999963045120239
43,Left Elbow,1021.4001536369324,308.07583451271057,0.9959859251976013
43,Right Elbow,716.1006152629852,311.1622953414917,0.9966214895248413
43,Left Wrist,1053.8051843643188,407.47530341148376,0.9899317026138306
43,Right Wrist,738.4031116962433,417.93978095054626,0.991673469543457
43,Left Hip,949.5680034160614,412.5372111797333,0.9995543956756592
43,Right Hip,825.3514289855957,426.2221419811249,0.9998317360877991
43,Left Knee,1001.7270803451538,567.5311160087585,0.9732068181037903
43,Right Knee,793.4008955955505,587.4722671508789,0.9825035929679871
43,Left Ankle,1007.6312839984894,716.0512518882751,0.9659196734428406
43,Right Ankle,806.8947196006775,743.2753086090088,0.9852569699287415
44,Nose,872.9250133037567,120.20415186882019,0.9999924302101135
44,Left Eye,881.4614593982697,99.70859616994858,0.9999668598175049
44,Right Eye,888.1867349147797,99.67628091573715,0.9999663233757019
44,Left Ear,894.6363091468811,99.65824037790298,0.9999468326568604
44,Right Ear,858.8919818401337,99.45086270570755,0.9999733567237854
44,Left Shoulder,974.4755327701569,194.37429070472717,0.9999872446060181
44,Right Shoulder,743.7051653862,201.72737896442413,0.9999963641166687
44,Left Elbow,1021.8836307525635,308.23461055755615,0.9959653615951538
44,Right Elbow,716.1948323249817,311.1774230003357,0.9965596795082092
44,Left Wrist,1053.9826691150665,407.84329175949097,0.9899060726165771
44,Right Wrist,738.4513020515442,417.95053124427795,0.9915496110916138
44,Left Hip,949.7576832771301,412.5590658187866,0.9995624423027039
44,Right Hip,825.5037367343903,426.17791771888733,0.999835729598999
44,Left Knee,1001.7255067825317,567.8160309791565,0.9734106063842773
44,Right Knee,793.3966994285583,587.466344833374,0.9827423691749573
44,Left Ankle,1007.62859582901,716.0797047615051,0.966464102268219
44,Right Ankle,806.3809514045715,743.2710599899292,0.9854671359062195
45,Nose,872.9243576526642,119.92903769016266,0.9999925494194031
45,Left Eye,881.4732611179352,99.51752096414566,0.9999675154685974
45,Right Eye,888.210928440094,99.48544710874557,0.999967098236084
45,Left Ear,894.6789264678955,99.46260273456573,0.9999476671218872
45,Right Ear,858.8921129703522,99.25076723098755,0.9999737739562988
45,Left Shoulder,974.729859828949,194.38887119293213,0.9999873042106628
45,Right Shoulder,743.8657999038696,201.6795176267624,0.9999964237213135
45,Left Elbow,1021.9536542892456,308.2960867881775,0.9959496855735779
45,Right Elbow,716.2013232707977,311.144882440567,0.9965431094169617
45,Left Wrist,1053.991061449051,407.85661697387695,0.9899162650108337
45,Right Wrist,738.458251953125,417.9351782798767,0.9915235042572021
45,Left Hip,949.7634530067444,412.6195442676544,0.9995692372322083
45,Right Hip,825.5097687244415,426.15261912345886,0.999838650226593
45,Left Knee,1001.7220973968506,568.1231546401978,0.973442554473877
45,Right Knee,793.4262037277222,587.3677253723145,0.982822835445404
45,Left Ankle,1007.5940430164337,716.0921931266785,0.9667267203330994
45,Right Ankle,806.0061812400818,743.0668044090271,0.9855355620384216
46,Nose,872.8982627391815,119.8368313908577,0.9999925494194031
46,Left Eye,881.4678192138672,99.43638682365417,0.9999675750732422
46,Right Eye,888.211190700531,99.41477358341217,0.9999672174453735
46,Left Ear,894.6824014186859,99.40047472715378,0.9999476075172424
46,Right Ear,858.8729679584503,99.1323933005333,0.999973714351654
46,Left Shoulder,974.8427629470825,194.39228296279907,0.9999873638153076
46,Right Shoulder,743.9404129981995,201.66616022586823,0.9999964237213135
46,Left Elbow,1022.0698356628418,308.2733952999115,0.9959641695022583
46,Right Elbow,716.2311553955078,311.1453330516815,0.996528148651123
46,Left Wrist,1054.0554463863373,407.9875838756561,0.9900111556053162
46,Right Wrist,738.4942471981049,417.92755007743835,0.9915246367454529
46,Left Hip,949.8239696025848,412.6249837875366,0.9995735883712769
46,Right Hip,825.5304217338562,426.10649585723877,0.9998398423194885
46,Left Knee,1001.6935110092163,568.234326839447,0.9732271432876587
46,Right Knee,793.4760987758636,586.9225859642029,0.9826611280441284
46,Left Ankle,1007.5640797615051,716.0975360870361,0.9667441844940186
46,Right Ankle,805.6121349334717,742.6547527313232,0.9854924082756042
47,Nose,872.8603005409241,119.69117939472198,0.9999924898147583
47,Left Eye,881.4626395702362,99.36427295207977,0.9999669790267944
47,Right Eye,888.2117807865143,99.35717582702637,0.9999667406082153
47,Left Ear,894.6890890598297,99.35657232999802,0.9999467730522156
47,Right Ear,858.8294982910156,99.02127742767334,0.9999731183052063
47,Left Shoulder,974.9829411506653,194.3955498933792,0.9999873042106628
47,Right Shoulder,744.1509425640106,201.71976685523987,0.9999963641166687
47,Left Elbow,1022.3199009895325,308.2848858833313,0.9960206747055054
47,Right Elbow,716.2371873855591,311.1415672302246,0.9965675473213196
47,Left Wrist,1054.1006863117218,408.18260192871094,0.9901733994483948
47,Right Wrist,738.5551571846008,417.9125511646271,0.9916196465492249
47,Left Hip,950.101637840271,412.63718247413635,0.9995784759521484
47,Right Hip,825.6985306739807,426.107976436615,0.9998406171798706
47,Left Knee,1001.6871511936188,568.3547043800354,0.9731595516204834
47,Right Knee,793.4871792793274,586.6749429702759,0.9825921654701233
47,Left Ankle,1007.5605392456055,716.1731100082397,0.9668869972229004
47,Right Ankle,805.0613880157471,742.3344969749451,0.985538125038147
48,Nose,872.8623330593109,119.68386501073837,0.9999923706054688
48,Left Eye,881.4843416213989,99.35345828533173,0.9999661445617676
48,Right Eye,888.2499396800995,99.35044884681702,0.9999660849571228
48,Left Ear,894.7440326213837,99.35264557600021,0.9999454617500305
48,Right Ear,858.831399679184,99.0023598074913,0.9999722242355347
48,Left Shoulder,975.0944018363953,194.40015256404877,0.9999873638153076
48,Right Shoulder,744.1963791847229,201.81948065757751,0.9999963045120239
48,Left Elbow,1022.5790798664093,308.318327665329,0.9960857629776001
48,Right Elbow,716.2758052349091,311.1621344089508,0.9966126680374146
48,Left Wrist,1054.1252732276917,408.1887173652649,0.9903745055198669
48,Right Wrist,738.6131167411804,417.88039684295654,0.991736650466919
48,Left Hip,950.308233499527,412.783180475235,0.999582052230835
48,Right Hip,825.8547723293304,426.1577367782593,0.9998405575752258
48,Left Knee,1001.6846597194672,568.4024047851562,0.9727457761764526
48,Right Knee,793.4896051883698,586.341233253479,0.9822744727134705
48,Left Ankle,1007.4996292591095,716.2257027626038,0.9663649201393127
48,Right Ankle,804.6042025089264,742.0176529884338,0.9853547215461731
49,Nose,872.8610217571259,120.19093930721283,0.999992311000824
49,Left Eye,881.502240896225,99.6535250544548,0.9999657869338989
49,Right Eye,888.2883608341217,99.6559551358223,0.9999659061431885
49,Left Ear,894.7937309741974,99.68635529279709,0.9999446868896484
49,Right Ear,858.8356614112854,99.42163735628128,0.9999718070030212
49,Left Shoulder,975.3255188465118,194.6099442243576,0.9999873638153076
49,Right Shoulder,744.277548789978,201.95463180541992,0.9999963045120239
49,Left Elbow,1022.868549823761,308.7003171443939,0.9960841536521912
49,Right Elbow,716.3000643253326,310.94442486763,0.9965991377830505
49,Left Wrist,1054.2975783348083,408.24546217918396,0.9904374480247498
49,Right Wrist,738.6890411376953,417.7685809135437,0.9917362928390503
49,Left Hip,950.3969430923462,412.93110966682434,0.9995808005332947
49,Right Hip,826.0193407535553,426.1521363258362,0.9998396039009094
49,Left Knee,1001.6476154327393,568.4953594207764,0.9722002744674683
49,Right Knee,793.4699356555939,586.2771821022034,0.9819456934928894
49,Left Ankle,1007.477205991745,716.2360668182373,0.9658591747283936
49,Right Ankle,804.1931748390198,741.5492749214172,0.9850927591323853
50,Nose,872.9139983654022,120.62838613986969,0.9999924302101135
50,Left Eye,881.6535651683807,99.86948043107986,0.999966561794281
50,Right Eye,888.4818434715271,99.87261056900024,0.9999667406082153
50,Left Ear,895.0115382671356,99.91460591554642,0.9999457001686096
50,Right Ear,858.8763117790222,99.76620197296143,0.9999723434448242
50,Left Shoulder,975.608104467392,194.86354172229767,0.9999874830245972
50,Right Shoulder,744.4353640079498,202.06327736377716,0.9999963641166687
50,Left Elbow,1023.0883896350861,308.8176369667053,0.9960706233978271
50,Right Elbow,716.30819439888,310.67264199256897,0.9965968132019043
50,Left Wrist,1054.4182181358337,408.2499039173126,0.9904990792274475
50,Right Wrist,738.761556148529,417.6323354244232,0.9917447566986084
50,Left Hip,950.4768669605255,413.10407996177673,0.999580442905426
50,Right Hip,826.1570930480957,426.1540675163269,0.9998394250869751
50,Left Knee,1001.5954911708832,568.5840010643005,0.9718090891838074
50,Right Knee,793.4526920318604,586.2199544906616,0.9817593693733215
50,Left Ankle,1007.2691679000854,716.2217116355896,0.9655178785324097
50,Right Ankle,803.9709746837616,741.1976051330566,0.9848799109458923
51,Nose,872.9750394821167,121.04235291481018,0.999992311000824
51,Left Eye,881.8176090717316,100.14574527740479,0.9999659657478333
51,Right Eye,888.6852920055389,100.14739483594894,0.9999661445617676
51,Left Ear,895.243638753891,100.20170956850052,0.9999447464942932
51,Right Ear,858.9078485965729,100.18158495426178,0.999971866607666
51,Left Shoulder,975.7244825363159,195.23772597312927,0.9999873042106628
51,Right Shoulder,744.4393634796143,202.18164324760437,0.9999963641166687
51,Left Elbow,1023.1001913547516,309.0874242782593,0.9960393905639648
51,Right Elbow,716.3599908351898,310.66646218299866,0.9966441988945007
51,Left Wrist,1054.4291019439697,408.25453877449036,0.9904398322105408
51,Right Wrist,738.822203874588,417.62650966644287,0.9917967319488525
51,Left Hip,950.5097806453705,413.24830770492554,0.9995785355567932
51,Right Hip,826.1700749397278,426.1586058139801,0.9998378753662109
51,Left Knee,1001.3412296772003,568.5885715484619,0.9716258645057678
51,Right Knee,793.3821439743042,586.4242100715637,0.9816198348999023
51,Left Ankle,1006.9391131401062,716.2132143974304,0.9653613567352295
51,Right Ankle,803.9299309253693,741.0290122032166,0.984718918800354
52,Nose,873.3197152614594,121.86956226825714,0.9999921917915344
52,Left Eye,882.1916580200195,100.54316818714142,0.9999658465385437
52,Right Eye,889.0339016914368,100.49951523542404,0.9999659061431885
52,Left Ear,895.540714263916,100.52185267210007,0.9999444484710693
52,Right Ear,859.213775396347,100.82429319620132,0.999971866607666
52,Left Shoulder,975.7756233215332,195.36898255348206,0.9999871253967285
52,Right Shoulder,744.4389045238495,202.17988908290863,0.9999963641166687
52,Left Elbow,1023.1138944625854,309.1283977031708,0.9959376454353333
52,Right Elbow,716.4143443107605,310.47685146331787,0.9966450333595276
52,Left Wrist,1054.4404447078705,408.2579505443573,0.9902821183204651
52,Right Wrist,738.8500690460205,417.59129762649536,0.9917420744895935
52,Left Hip,950.5114853382111,413.31541657447815,0.9995712041854858
52,Right Hip,826.1606991291046,426.13523840904236,0.9998349547386169
52,Left Knee,1001.14905834198,568.5906958580017,0.9717079997062683
52,Right Knee,793.3741450309753,586.4807295799255,0.9816970229148865
52,Left Ankle,1006.5593600273132,716.2155961990356,0.9655026793479919
52,Right Ankle,803.8732171058655,740.8864259719849,0.984665036201477
53,Nose,873.3711838722229,122.53472059965134,0.9999920725822449
53,Left Eye,882.229095697403,101.00031316280365,0.9999654293060303
53,Right Eye,889.0731751918793,100.88690400123596,0.9999653100967407
53,Left Ear,895.5753982067108,100.84107041358948,0.9999437928199768
53,Right Ear,859.2158734798431,101.58243030309677,0.9999716877937317
53,Left Shoulder,975.7063210010529,195.38790822029114,0.9999867677688599
53,Right Shoulder,744.4419860839844,202.17927753925323,0.9999963641166687
53,Left Elbow,1023.1018304824829,308.8504672050476,0.9958845376968384
53,Right Elbow,716.452831029892,310.3806459903717,0.9966878890991211
53,Left Wrist,1054.447853565216,408.26030015945435,0.9901310205459595
53,Right Wrist,738.8588547706604,417.53355503082275,0.9917649626731873
53,Left Hip,950.4293322563171,413.3222723007202,0.9995669722557068
53,Right Hip,826.0420262813568,426.02171659469604,0.9998331665992737
53,Left Knee,1001.0082244873047,568.5955882072449,0.971756637096405
53,Right Knee,793.3718502521515,586.4808583259583,0.981821596622467
53,Left Ankle,1006.2860190868378,716.2390279769897,0.9657055735588074
53,Right Ankle,803.750741481781,740.6943368911743,0.9847044348716736
54,Nose,873.491758108139,123.04294556379318,0.9999922513961792
54,Left Eye,882.3046267032623,101.41629964113235,0.9999663233757019
54,Right Eye,889.162802696228,101.22946500778198,0.9999662041664124
54,Left Ear,895.6644356250763,101.11145317554474,0.9999450445175171
54,Right Ear,859.2221677303314,102.22954005002975,0.9999725222587585
54,Left Shoulder,975.71622133255,195.55233299732208,0.9999865293502808
54,Right Shoulder,744.5550858974457,202.16777086257935,0.9999964833259583
54,Left Elbow,1023.2025384902954,308.46760869026184,0.995779812335968
54,Right Elbow,716.5742576122284,310.3496825695038,0.9967250823974609
54,Left Wrist,1054.4580161571503,408.1534731388092,0.9897743463516235
54,Right Wrist,738.8759016990662,417.494512796402,0.9917408227920532
54,Left Hip,950.4015326499939,413.4695899486542,0.999567985534668
54,Right Hip,825.9869515895844,426.00977540016174,0.9998353123664856
54,Left Knee,1000.9377419948578,568.571834564209,0.9721862077713013
54,Right Knee,793.3712601661682,586.4752578735352,0.9823870658874512
54,Left Ankle,1006.0636878013611,716.2985730171204,0.9664098620414734
54,Right Ankle,803.7128448486328,740.6643390655518,0.984999418258667
55,Nose,873.4873652458191,123.34170877933502,0.9999924898147583
55,Left Eye,882.3008239269257,101.62140011787415,0.9999676942825317
55,Right Eye,889.1672611236572,101.39734983444214,0.9999675750732422
55,Left Ear,895.6681072711945,101.24417424201965,0.999947190284729
55,Right Ear,859.1015934944153,102.58257776498795,0.9999735951423645
55,Left Shoulder,975.7012069225311,195.730082988739,0.9999865889549255
55,Right Shoulder,744.8863208293915,202.18304336071014,0.9999966025352478
55,Left Elbow,1023.1894910335541,308.31607460975647,0.9956910610198975
55,Right Elbow,716.6859149932861,310.22364020347595,0.9967420101165771
55,Left Wrist,1054.4594585895538,408.1093454360962,0.9894527792930603
55,Right Wrist,738.8850152492523,417.48504996299744,0.9916150569915771
55,Left Hip,950.370454788208,413.5681128501892,0.9995750784873962
55,Right Hip,825.8617877960205,425.9750461578369,0.9998387098312378
55,Left Knee,1000.8620142936707,568.1946086883545,0.9729113578796387
55,Right Knee,793.3716535568237,586.4551091194153,0.9830803871154785
55,Left Ankle,1005.9398353099823,716.3153743743896,0.9674639701843262
55,Right Ankle,803.7263512611389,740.6600904464722,0.9854023456573486
56,Nose,873.4109818935394,123.43363344669342,0.9999927878379822
56,Left Eye,882.2533547878265,101.64655387401581,0.9999691843986511
56,Right Eye,889.1505420207977,101.4049619436264,0.9999690651893616
56,Left Ear,895.6661403179169,101.24442368745804,0.9999495148658752
56,Right Ear,858.9310586452484,102.70234376192093,0.9999747276306152
56,Left Shoulder,975.6926834583282,195.9416127204895,0.9999867081642151
56,Right Shoulder,745.4157590866089,202.4685698747635,0.9999967217445374
56,Left Elbow,1023.1434643268585,308.2966661453247,0.9956436157226562
56,Right Elbow,716.9372260570526,310.1736867427826,0.9967261552810669
56,Left Wrist,1054.465228319168,408.1182610988617,0.9891626238822937
56,Right Wrist,738.8914406299591,417.4695360660553,0.9913870096206665
56,Left Hip,950.3433763980865,413.57545137405396,0.999580979347229
56,Right Hip,825.7704555988312,425.8758473396301,0.9998419284820557
56,Left Knee,1000.7440626621246,567.7837800979614,0.9734413027763367
56,Right Knee,793.3705389499664,586.4539504051208,0.9836724996566772
56,Left Ankle,1005.7129800319672,716.4257740974426,0.9682502746582031
56,Right Ankle,803.8463354110718,741.1784219741821,0.9857140183448792
57,Nose,873.4113097190857,123.46948117017746,0.999993085861206
57,Left Eye,882.2619438171387,101.65585577487946,0.9999706149101257
57,Right Eye,889.1585409641266,101.41324192285538,0.999970555305481
57,Left Ear,895.6704676151276,101.25164955854416,0.9999518394470215
57,Right Ear,858.9293539524078,102.70910292863846,0.9999759197235107
57,Left Shoulder,975.4965126514435,196.1449509859085,0.9999868869781494
57,Right Shoulder,745.4122185707092,203.04527163505554,0.9999967813491821
57,Left Elbow,1023.121041059494,308.17551612854004,0.9956204295158386
57,Right Elbow,717.3466801643372,310.50002574920654,0.9966807961463928
57,Left Wrist,1054.444444179535,408.1034553050995,0.9889675974845886
57,Right Wrist,738.9167487621307,417.59693026542664,0.9911476373672485
57,Left Hip,950.3598988056183,413.58272552490234,0.9995811581611633
57,Right Hip,825.8308410644531,425.86461424827576,0.999843180179596
57,Left Knee,1000.7368505001068,567.7223682403564,0.9739131331443787
57,Right Knee,793.3395266532898,586.7281794548035,0.9840582013130188
57,Left Ankle,1005.6506931781769,716.6735458374023,0.9688555002212524
57,Right Ankle,804.2110085487366,742.3599243164062,0.9859302639961243
58,Nose,873.2083857059479,123.48695039749146,0.9999932646751404
58,Left Eye,882.1893632411957,101.67780697345734,0.9999716281890869
58,Right Eye,889.1113340854645,101.43881410360336,0.9999715089797974
58,Left Ear,895.6256866455078,101.28131747245789,0.9999534487724304
58,Right Ear,858.6745023727417,102.7113077044487,0.9999767541885376
58,Left Shoulder,975.3036856651306,196.23449385166168,0.9999869465827942
58,Right Shoulder,745.4135954380035,203.45326781272888,0.9999967813491821
58,Left Elbow,1023.1093049049377,307.8341782093048,0.9955942630767822
58,Right Elbow,717.4026072025299,310.5371689796448,0.9966279864311218
58,Left Wrist,1054.4471323490143,408.0294907093048,0.9888772964477539
58,Right Wrist,738.8897359371185,417.59628653526306,0.9909442067146301
58,Left Hip,950.3630459308624,413.5981750488281,0.9995778799057007
58,Right Hip,825.9144365787506,425.860880613327,0.9998429417610168
58,Left Knee,1000.7287204265594,567.7286124229431,0.9742348194122314
58,Right Knee,793.2505548000336,587.1682977676392,0.9843704700469971
58,Left Ankle,1005.6451201438904,716.7243361473083,0.969316840171814
58,Right Ankle,804.3751835823059,742.9556322097778,0.9861356616020203
59,Nose,872.9982495307922,123.71104091405869,0.9999932646751404
59,Left Eye,882.106751203537,101.96256905794144,0.9999717473983765
59,Right Eye,889.0098392963409,101.75917446613312,0.9999714493751526
59,Left Ear,895.4645276069641,101.63923144340515,0.9999537467956543
59,Right Ear,858.5875630378723,102.84603238105774,0.9999770522117615
59,Left Shoulder,974.8352229595184,196.28597617149353,0.9999866485595703
59,Right Shoulder,745.2292263507843,203.70200514793396,0.9999967813491821
59,Left Elbow,1023.0826199054718,307.6127350330353,0.995557963848114
59,Right Elbow,717.4180805683136,310.8694624900818,0.9966127276420593
59,Left Wrist,1054.4285774230957,408.03744077682495,0.9886905550956726
59,Right Wrist,738.8521015644073,417.6078414916992,0.9908918738365173
59,Left Hip,950.3594398498535,413.59028935432434,0.9995723962783813
59,Right Hip,825.9415149688721,425.85087060928345,0.9998419880867004
59,Left Knee,1000.730162858963,567.8186058998108,0.9746027588844299
59,Right Knee,793.1661069393158,588.0803346633911,0.9846236705780029
59,Left Ankle,1005.5349707603455,716.840078830719,0.969793975353241
59,Right Ankle,804.443633556366,743.6494445800781,0.9864012598991394
60,Nose,872.8810846805573,124.000164270401,0.9999935030937195
60,Left Eye,882.0116817951202,102.31628268957138,0.9999718070030212
60,Right Eye,888.8671696186066,102.12309926748276,0.9999715089797974
60,Left Ear,895.239245891571,102.00793594121933,0.9999544024467468
60,Right Ear,858.562582731247,103.08850139379501,0.999977171421051
60,Left Shoulder,974.4008541107178,196.3368308544159,0.9999865293502808
60,Right Shoulder,744.9686050415039,204.0026432275772,0.9999966621398926
60,Left Elbow,1023.0820953845978,306.7865717411041,0.9956982731819153
60,Right Elbow,717.4156546592712,311.59221053123474,0.9967633485794067
60,Left Wrist,1054.4244468212128,408.05453181266785,0.9888767600059509
60,Right Wrist,738.6078059673309,417.66175389289856,0.99119633436203
60,Left Hip,950.314462184906,413.62067341804504,0.999586820602417
60,Right Hip,825.9477436542511,425.9560561180115,0.9998458623886108
60,Left Knee,1000.7344245910645,568.2030415534973,0.974889874458313
60,Right Knee,792.8376913070679,589.1671442985535,0.9847385287284851
60,Left Ankle,1005.5042207241058,716.8690466880798,0.9701018929481506
60,Right Ankle,804.4322907924652,744.0322065353394,0.9865952730178833
61,Nose,872.6294457912445,124.1572505235672,0.9999934434890747
61,Left Eye,881.7606985569,102.55819648504257,0.9999713897705078
61,Right Eye,888.6092364788055,102.36768454313278,0.9999710321426392
61,Left Ear,894.946300983429,102.25734114646912,0.9999539852142334
61,Right Ear,858.4530889987946,103.25122028589249,0.9999769330024719
61,Left Shoulder,974.4007885456085,196.34682476520538,0.9999863505363464
61,Right Shoulder,744.4417893886566,204.42138969898224,0.999996542930603
61,Left Elbow,1023.8240301609039,306.99382066726685,0.9957315325737
61,Right Elbow,717.421293258667,314.80098009109497,0.9967706203460693
61,Left Wrist,1054.461818933487,408.5438632965088,0.9888243079185486
61,Right Wrist,738.3271217346191,417.71544098854065,0.991254448890686
61,Left Hip,950.1988053321838,413.62295866012573,0.9995853900909424
61,Right Hip,825.8339881896973,426.0297632217407,0.9998453855514526
61,Left Knee,1000.7281303405762,568.2645177841187,0.9742470979690552
61,Right Knee,792.4243032932281,589.209566116333,0.9843806028366089
61,Left Ankle,1005.558443069458,717.0008826255798,0.9692050814628601
61,Right Ankle,804.428619146347,745.3986525535583,0.9864360094070435
62,Nose,872.3673164844513,124.20322090387344,0.9999933838844299
62,Left Eye,881.5377771854401,102.7172139286995,0.9999708533287048
62,Right Eye,888.3971989154816,102.52392590045929,0.9999704957008362
62,Left Ear,894.7186589241028,102.41043627262115,0.9999534487724304
62,Right Ear,858.2506239414215,103.36169242858887,0.9999765157699585
62,Left Shoulder,974.4007885456085,196.37934923171997,0.9999860525131226
62,Right Shoulder,744.281941652298,204.80775654315948,0.9999964237213135
62,Left Elbow,1024.228173494339,307.2111439704895,0.9957637190818787
62,Right Elbow,717.3312723636627,316.55829906463623,0.9967986941337585
62,Left Wrist,1054.4373631477356,408.8202488422394,0.9887703061103821
62,Right Wrist,738.0184412002563,417.73401260375977,0.991325855255127
62,Left Hip,950.1268148422241,413.6270785331726,0.9995855093002319
62,Right Hip,825.8041560649872,426.11618399620056,0.9998456835746765
62,Left Knee,1000.689709186554,568.5158944129944,0.9735718965530396
62,Right Knee,792.107492685318,589.2075705528259,0.983992338180542
62,Left Ankle,1005.5669665336609,717.0937085151672,0.9683602452278137
62,Right Ankle,804.421603679657,745.8014345169067,0.9862253069877625
63,Nose,872.2292363643646,124.27172183990479,0.9999935626983643
63,Left Eye,881.4098596572876,102.84495413303375,0.9999717473983765
63,Right Eye,888.2860004901886,102.63781785964966,0.999971330165863
63,Left Ear,894.6115911006927,102.51591950654984,0.9999550580978394
63,Right Ear,858.1206738948822,103.50433498620987,0.9999772310256958
63,Left Shoulder,974.3496477603912,196.51161968708038,0.9999862909317017
63,Right Shoulder,744.3635046482086,205.05679965019226,0.9999964237213135
63,Left Elbow,1024.2715775966644,307.27941155433655,0.9958584904670715
63,Right Elbow,716.8426156044006,316.7012071609497,0.9968146085739136
63,Left Wrist,1054.310166835785,409.0534722805023,0.9890013337135315
63,Right Wrist,737.6535058021545,417.7425420284271,0.991342306137085
63,Left Hip,950.0207960605621,413.63020062446594,0.9995899796485901
63,Right Hip,825.7516384124756,426.27421975135803,0.9998478293418884
63,Left Knee,1000.6550908088684,568.9294910430908,0.973371684551239
63,Right Knee,791.9292211532593,589.2219257354736,0.983948290348053
63,Left Ankle,1005.6291878223419,717.1032357215881,0.968346357345581
63,Right Ankle,804.3809533119202,746.0759854316711,0.986284077167511
64,Nose,872.1097111701965,124.25112247467041,0.9999937415122986
64,Left Eye,881.3417375087738,102.84750491380692,0.9999723434448242
64,Right Eye,888.2200419902802,102.6400950551033,0.9999719262123108
64,Left Ear,894.5503532886505,102.51760929822922,0.9999562501907349
64,Right Ear,858.0294728279114,103.51193904876709,0.9999777674674988
64,Left Shoulder,974.1980612277985,196.52061581611633,0.9999863505363464
64,Right Shoulder,744.3690776824951,205.27561962604523,0.9999963641166687
64,Left Elbow,1024.2640376091003,307.2583293914795,0.9959655404090881
64,Right Elbow,716.7306959629059,318.1650495529175,0.996863842010498
64,Left Wrist,1054.2288661003113,409.5172154903412,0.9891991019248962
64,Right Wrist,737.4960839748383,417.8921127319336,0.9914029240608215
64,Left Hip,949.9248087406158,413.67053031921387,0.9995925426483154
64,Right Hip,825.7269859313965,426.5113699436188,0.9998486638069153
64,Left Knee,1000.6150960922241,569.1806745529175,0.9733198881149292
64,Right Knee,791.7229533195496,589.2090511322021,0.9839819669723511
64,Left Ankle,1005.6794106960297,717.1040725708008,0.968327522277832
64,Right Ankle,804.2108774185181,746.0741186141968,0.9863555431365967
65,Nose,871.8778729438782,124.23976063728333,0.9999939203262329
65,Left Eye,881.1780214309692,102.85821497440338,0.9999727606773376
65,Right Eye,888.0757987499237,102.6476588845253,0.9999723434448242
65,Left Ear,894.4137156009674,102.52502828836441,0.9999572038650513
65,Right Ear,857.8138947486877,103.52891743183136,0.9999781250953674
65,Left Shoulder,973.9163935184479,196.52764856815338,0.999986469745636
65,Right Shoulder,744.3694055080414,205.37365972995758,0.9999963045120239
65,Left Elbow,1024.032723903656,307.231582403183,0.9960749745368958
65,Right Elbow,716.5339350700378,318.2699453830719,0.9969404339790344
65,Left Wrist,1054.0848195552826,409.8036754131317,0.9893919825553894
65,Right Wrist,737.3085677623749,418.0463182926178,0.9915185570716858
65,Left Hip,949.8772740364075,413.6798965930939,0.9996010661125183
65,Right Hip,825.7195115089417,426.64854884147644,0.9998509883880615
65,Left Knee,1000.573593378067,569.2484593391418,0.9733221530914307
65,Right Knee,791.5756285190582,589.1816926002502,0.9839879274368286
65,Left Ankle,1005.7983458042145,717.1105742454529,0.968377411365509
65,Right Ankle,804.0946960449219,746.2061476707458,0.9864269495010376
66,Nose,871.1609840393066,124.23249453306198,0.9999940991401672
66,Left Eye,880.6039333343506,102.86198079586029,0.9999733567237854
66,Right Eye,887.6028776168823,102.65019357204437,0.9999729990959167
66,Left Ear,893.9774453639984,102.52737790346146,0.9999584555625916
66,Right Ear,857.037603855133,103.5465395450592,0.9999786019325256
66,Left Shoulder,973.7345159053802,196.4937400817871,0.9999867081642151
66,Right Shoulder,744.3677663803101,205.4143112897873,0.9999963045120239
66,Left Elbow,1023.6347436904907,307.1450650691986,0.9961850047111511
66,Right Elbow,716.3935601711273,318.22224497795105,0.9970044493675232
66,Left Wrist,1053.9123833179474,410.0796103477478,0.9896113872528076
66,Right Wrist,737.166553735733,418.2096004486084,0.9916154146194458
66,Left Hip,949.8143315315247,413.68398427963257,0.9996088147163391
66,Right Hip,825.7022023200989,426.75132036209106,0.9998531937599182
66,Left Knee,1000.5305171012878,569.2735648155212,0.9733330011367798
66,Right Knee,791.5002286434174,589.1768646240234,0.9840549826622009
66,Left Ankle,1006.055623292923,717.1150159835815,0.9685083627700806
66,Right Ankle,803.9872348308563,746.5018129348755,0.9864816665649414
67,Nose,869.983696937561,124.3383076786995,0.9999940991401672
67,Left Eye,879.5983612537384,102.96558111906052,0.9999728202819824
67,Right Eye,886.7293536663055,102.73424863815308,0.9999724626541138
67,Left Ear,893.1620121002197,102.60886609554291,0.9999579787254333
67,Right Ear,855.984890460968,103.67221176624298,0.9999781250953674
67,Left Shoulder,973.6456751823425,196.4689403772354,0.9999866485595703
67,Right Shoulder,744.1706776618958,205.52409946918488,0.9999961853027344
67,Left Elbow,1023.0939626693726,307.1179962158203,0.9962601065635681
67,Right Elbow,716.3390755653381,318.5294008255005,0.9970520734786987
67,Left Wrist,1053.7943005561829,410.35074949264526,0.9896832704544067
67,Right Wrist,737.0736479759216,418.3433997631073,0.9916974902153015
67,Left Hip,949.7553884983063,413.75035285949707,0.9996144771575928
67,Right Hip,825.700432062149,427.0642375946045,0.9998534917831421
67,Left Knee,1000.5229771137238,569.5365929603577,0.9730108380317688
67,Right Knee,791.3794577121735,589.2212820053101,0.9837954640388489
67,Left Ankle,1006.3002467155457,717.2599196434021,0.9680938720703125
67,Right Ankle,803.8545310497284,746.7532539367676,0.9862641096115112
68,Nose,869.7639226913452,124.34270113706589,0.9999942779541016
68,Left Eye,879.4194996356964,102.96918600797653,0.9999733567237854
68,Right Eye,886.5716695785522,102.73728221654892,0.9999729990959167
68,Left Ear,893.0142939090729,102.6116019487381,0.9999590516090393
68,Right Ear,855.7810485363007,103.67509245872498,0.9999785423278809
68,Left Shoulder,973.4375715255737,196.40978157520294,0.9999868869781494
68,Right Shoulder,744.1180944442749,205.44854164123535,0.9999961853027344
68,Left Elbow,1022.6944744586945,306.9196951389313,0.9963598847389221
68,Right Elbow,716.1365449428558,318.2049608230591,0.997134268283844
68,Left Wrist,1053.5305321216583,410.36681056022644,0.9899347424507141
68,Right Wrist,736.8825912475586,418.35662841796875,0.9918731451034546
68,Left Hip,949.4488060474396,413.7702763080597,0.999622642993927
68,Right Hip,825.549042224884,427.2320580482483,0.9998554587364197
68,Left Knee,1000.5159616470337,569.6944355964661,0.9731132984161377
68,Right Knee,791.2571787834167,589.2171621322632,0.9839007258415222
68,Left Ankle,1006.3789248466492,717.1815133094788,0.968204140663147
68,Right Ankle,803.7059605121613,746.7609143257141,0.986312210559845
69,Nose,869.6539044380188,124.34270113706589,0.9999945163726807
69,Left Eye,879.26384806633,102.97252535820007,0.9999740123748779
69,Right Eye,886.408281326294,102.74040430784225,0.999973714351654
69,Left Ear,892.8405463695526,102.61459529399872,0.9999604225158691
69,Right Ear,855.6878805160522,103.67840766906738,0.9999790191650391
69,Left Shoulder,973.0706036090851,196.3336604833603,0.9999871850013733
69,Right Shoulder,744.0651178359985,205.4121869802475,0.9999961853027344
69,Left Elbow,1022.1357941627502,306.5883672237396,0.9964861273765564
69,Right Elbow,715.9872531890869,318.16678762435913,0.997245192527771
69,Left Wrist,1053.2763361930847,410.3337550163269,0.9902412295341492
69,Right Wrist,736.8128299713135,418.41829776763916,0.992112934589386
69,Left Hip,949.1866767406464,413.8667070865631,0.9996348023414612
69,Right Hip,825.4378437995911,427.50715613365173,0.9998586177825928
69,Left Knee,1000.5148470401764,569.8262715339661,0.9734428524971008
69,Right Knee,791.1575198173523,589.2133641242981,0.9841589331626892
69,Left Ankle,1006.5074980258942,717.1797752380371,0.9686241149902344
69,Right Ankle,803.5251319408417,746.7564725875854,0.9864950776100159
70,Nose,869.4158375263214,124.48922216892242,0.9999944567680359
70,Left Eye,878.9220571517944,103.19017857313156,0.9999737739562988
70,Right Eye,886.0522627830505,102.94891655445099,0.999973475933075
70,Left Ear,892.4371242523193,102.82814472913742,0.9999601244926453
70,Right Ear,855.5212795734406,103.88240575790405,0.9999787211418152
70,Left Shoulder,972.7261245250702,196.30239129066467,0.9999873042106628
70,Right Shoulder,744.0391540527344,205.38342833518982,0.9999961853027344
70,Left Elbow,1021.3635683059692,306.4682471752167,0.9964917302131653
70,Right Elbow,715.8771693706512,318.03520917892456,0.9972274303436279
70,Left Wrist,1052.947723865509,410.2124762535095,0.9902732968330383
70,Right Wrist,736.6791427135468,418.4628438949585,0.9920800924301147
70,Left Hip,948.7481772899628,413.89657616615295,0.999634861946106
70,Right Hip,824.826055765152,427.52028822898865,0.9998576641082764
70,Left Knee,1000.5114376544952,569.8365712165833,0.9730595946311951
70,Right Knee,791.1519467830658,589.1921854019165,0.9839680194854736
70,Left Ankle,1006.5733253955841,717.2314667701721,0.9682016968727112
70,Right Ankle,803.4679591655731,746.7733383178711,0.9863269925117493
71,Nose,868.2333052158356,124.5985597372055,0.9999945163726807
71,Left Eye,877.9507100582123,103.3259654045105,0.9999737739562988
71,Right Eye,885.2354526519775,103.05384457111359,0.9999735355377197
71,Left Ear,891.7288243770599,102.91588515043259,0.9999603033065796
71,Right Ear,854.4128358364105,104.0635272860527,0.9999786615371704
71,Left Shoulder,972.5974202156067,196.30046010017395,0.9999874830245972
71,Right Shoulder,744.0741002559662,205.3832995891571,0.9999961853027344
71,Left Elbow,1020.9219217300415,306.46631598472595,0.9965561628341675
71,Right Elbow,715.6697869300842,318.0002546310425,0.9972761273384094
71,Left Wrist,1052.6320934295654,410.19808888435364,0.9903689026832581
71,Right Wrist,736.6289854049683,418.4815764427185,0.9921405911445618
71,Left Hip,948.4326124191284,413.9208447933197,0.9996411204338074
71,Right Hip,824.2970764636993,427.5255024433136,0.9998588562011719
71,Left Knee,1000.5073726177216,569.8420429229736,0.9727564454078674
71,Right Knee,791.1366701126099,589.1786026954651,0.9839657545089722
71,Left Ankle,1006.5851926803589,717.2610783576965,0.9680303335189819
71,Right Ankle,803.4286201000214,746.7797756195068,0.9862455725669861
72,Nose,867.5809979438782,124.75175946950912,0.9999944567680359
72,Left Eye,877.2854208946228,103.47804665565491,0.999973714351654
72,Right Eye,884.6472024917603,103.18687945604324,0.999973475933075
72,Left Ear,891.2071883678436,103.03785592317581,0.9999603629112244
72,Right Ear,853.7624299526215,104.23746317625046,0.9999785423278809
72,Left Shoulder,972.4946141242981,196.27384185791016,0.9999876618385315
72,Right Shoulder,744.1513359546661,205.35479843616486,0.9999961853027344
72,Left Elbow,1020.8011507987976,306.29234790802,0.9965835213661194
72,Right Elbow,715.5387878417969,317.7247381210327,0.9972866177558899
72,Left Wrist,1052.3500978946686,410.15785574913025,0.9904598593711853
72,Right Wrist,736.5557491779327,418.5103189945221,0.9921318292617798
72,Left Hip,948.1742858886719,414.0227150917053,0.9996410012245178
72,Right Hip,823.9797413349152,427.55112290382385,0.9998577237129211
72,Left Knee,1000.4945874214172,569.9072527885437,0.9725688099861145
72,Right Knee,791.1309659481049,589.1708135604858,0.9839691519737244
72,Left Ankle,1006.588864326477,717.2567653656006,0.9679276943206787
72,Right Ankle,803.3815443515778,746.6920351982117,0.9861679077148438
73,Nose,867.2502219676971,124.87566143274307,0.9999943971633911
73,Left Eye,876.831579208374,103.56890916824341,0.9999740719795227
73,Right Eye,884.2065393924713,103.25831741094589,0.9999739527702332
73,Left Ear,890.8006191253662,103.09196144342422,0.9999608397483826
73,Right Ear,853.4967601299286,104.35096085071564,0.9999786615371704
73,Left Shoulder,972.6571500301361,196.2713634967804,0.9999879598617554
73,Right Shoulder,744.204181432724,205.42150497436523,0.9999961853027344
73,Left Elbow,1020.781546831131,306.78818106651306,0.9965439438819885
73,Right Elbow,715.3843820095062,317.9689371585846,0.9971623420715332
73,Left Wrist,1052.2508323192596,410.1254117488861,0.9905358552932739
73,Right Wrist,736.4511728286743,418.58460545539856,0.9919172525405884
73,Left Hip,948.0680704116821,414.17598724365234,0.9996342658996582
73,Right Hip,823.6193299293518,427.70790338516235,0.9998548626899719
73,Left Knee,1000.6680071353912,570.1182675361633,0.9721251130104065
73,Right Knee,791.1990225315094,589.1663074493408,0.983812689781189
73,Left Ankle,1006.4911723136902,717.2294068336487,0.9672344326972961
73,Right Ankle,803.2243847846985,745.901985168457,0.9860012531280518
74,Nose,867.1492516994476,125.01943856477737,0.9999942183494568
74,Left Eye,876.6441941261292,103.71684640645981,0.9999737739562988
74,Right Eye,884.0278744697571,103.38220328092575,0.9999737739562988
74,Left Ear,890.6384766101837,103.19636642932892,0.9999603033065796
74,Right Ear,853.372710943222,104.52064007520676,0.9999783039093018
74,Left Shoulder,972.7523505687714,196.29048228263855,0.9999881386756897
74,Right Shoulder,744.2334890365601,205.51854729652405,0.9999961853027344
74,Left Elbow,1020.7956433296204,307.279669046402,0.9965183734893799
74,Right Elbow,715.3012454509735,318.38929295539856,0.9971034526824951
74,Left Wrist,1052.2277534008026,410.1247036457062,0.9905673265457153
74,Right Wrist,736.3321721553802,418.68122935295105,0.9918162822723389
74,Left Hip,948.0139791965485,414.27618384361267,0.9996270537376404
74,Right Hip,823.506623506546,427.8422498703003,0.9998518228530884
74,Left Knee,1000.7711410522461,570.2380657196045,0.971688449382782
74,Right Knee,791.2039399147034,589.166693687439,0.9836826920509338
74,Left Ankle,1006.3987910747528,717.1770715713501,0.9665846228599548
74,Right Ankle,803.145968914032,745.3563594818115,0.9858536720275879
75,Nose,866.4602935314178,125.0385332107544,0.999994158744812
75,Left Eye,875.9518265724182,103.83145451545715,0.999974250793457
75,Right Eye,883.4516882896423,103.48534494638443,0.9999743103981018
75,Left Ear,890.2049601078033,103.29102694988251,0.9999609589576721
75,Right Ear,852.6027798652649,104.69596803188324,0.9999786019325256
75,Left Shoulder,972.756153345108,196.35862112045288,0.999988317489624
75,Right Shoulder,744.449132680893,205.53520381450653,0.9999962449073792
75,Left Elbow,1020.8130180835724,307.39035844802856,0.9964463114738464
75,Right Elbow,715.0894701480865,317.5578188896179,0.9969632625579834
75,Left Wrist,1052.1147191524506,410.0312340259552,0.9905427694320679
75,Right Wrist,736.2685084342957,418.66719603538513,0.991500973701477
75,Left Hip,947.9228436946869,414.425368309021,0.9996209144592285
75,Right Hip,823.3587741851807,427.99439549446106,0.9998502731323242
75,Left Knee,1000.919646024704,570.305335521698,0.9716382026672363
75,Right Knee,791.1996126174927,589.1637325286865,0.983887255191803
75,Left Ankle,1006.3323080539703,717.0560503005981,0.9666494727134705
75,Right Ankle,803.136134147644,744.8926162719727,0.9859358072280884
76,Nose,866.2480592727661,125.01873850822449,0.9999942779541016
76,Left Eye,875.7110059261322,103.83913099765778,0.999975323677063
76,Right Eye,883.2166373729706,103.49336743354797,0.9999753832817078
76,Left Ear,889.9889886379242,103.29919427633286,0.9999623894691467
76,Right Ear,852.4369657039642,104.69884872436523,0.9999794363975525
76,Left Shoulder,972.7528750896454,196.49644374847412,0.9999886155128479
76,Right Shoulder,744.4255948066711,205.9058153629303,0.9999963641166687
76,Left Elbow,1020.7075238227844,307.3904550075531,0.9963919520378113
76,Right Elbow,715.0178730487823,317.6701819896698,0.9968342185020447
76,Left Wrist,1051.9720494747162,409.9860441684723,0.9904831647872925
76,Right Wrist,736.2602472305298,418.6794590950012,0.9912769794464111
76,Left Hip,947.9081571102142,414.4638955593109,0.9996189475059509
76,Right Hip,823.2804238796234,428.24870109558105,0.9998500943183899
76,Left Knee,1001.0271072387695,570.3198838233948,0.9716947078704834
76,Right Knee,791.1653220653534,589.2186427116394,0.9839847087860107
76,Left Ankle,1006.3081800937653,716.9675374031067,0.9666430950164795
76,Right Ankle,803.168261051178,744.5005202293396,0.9859224557876587
77,Nose,866.23455286026,125.07881462574005,0.9999945163726807
77,Left Eye,875.5941033363342,103.9824977517128,0.9999765753746033
77,Right Eye,883.0426931381226,103.63369256258011,0.9999766945838928
77,Left Ear,889.7541999816895,103.43814343214035,0.99996417760849
77,Right Ear,852.4275243282318,104.82011944055557,0.9999803900718689
77,Left Shoulder,972.671115398407,196.50906085968018,0.9999889731407166
77,Right Shoulder,744.4264471530914,206.19258105754852,0.9999964833259583
77,Left Elbow,1020.6392049789429,307.39447832107544,0.9963760375976562
77,Right Elbow,715.0011539459229,317.69400000572205,0.9966965317726135
77,Left Wrist,1051.8481314182281,409.94394421577454,0.9904298186302185
77,Right Wrist,736.2351357936859,418.71415615081787,0.9909164905548096
77,Left Hip,947.8465914726257,414.4976592063904,0.9996204376220703
77,Right Hip,823.2507228851318,428.3477711677551,0.9998515248298645
77,Left Knee,1001.038384437561,570.3289604187012,0.972003161907196
77,Right Knee,791.1434233188629,589.2124629020691,0.984221875667572
77,Left Ankle,1006.3069999217987,716.8738102912903,0.966964066028595
77,Right Ankle,803.1626880168915,744.1868948936462,0.9860077500343323
78,Nose,866.2870705127716,125.16870349645615,0.9999945163726807
78,Left Eye,875.6053149700165,104.09361362457275,0.999977171421051
78,Right Eye,883.0443978309631,103.73203039169312,0.9999772906303406
78,Left Ear,889.7450864315033,103.53103369474411,0.9999648928642273
78,Right Ear,852.5067269802094,104.95541542768478,0.9999808073043823
78,Left Shoulder,972.5415587425232,196.51664078235626,0.9999891519546509
78,Right Shoulder,744.4585740566254,206.29789531230927,0.999996542930603
78,Left Elbow,1020.5581665039062,307.29878783226013,0.9963101148605347
78,Right Elbow,714.9186074733734,317.48321056365967,0.996582567691803
78,Left Wrist,1051.806366443634,409.9172294139862,0.9903451204299927
78,Right Wrist,736.1058413982391,418.7198209762573,0.9906774163246155
78,Left Hip,947.6641893386841,414.6001088619232,0.9996164441108704
78,Right Hip,823.0879902839661,428.4557890892029,0.9998502135276794
78,Left Knee,1000.975376367569,570.3380370140076,0.9719797968864441
78,Right Knee,791.1097228527069,589.2209601402283,0.9842325448989868
78,Left Ankle,1006.2609732151031,716.8078923225403,0.9668640494346619
78,Right Ankle,803.0995488166809,743.8634204864502,0.9859362840652466
79,Nose,866.7798578739166,125.40427654981613,0.9999944567680359
79,Left Eye,875.8295476436615,104.37578469514847,0.9999773502349854
79,Right Eye,883.147531747818,103.98570835590363,0.9999775290489197
79,Left Ear,889.7717714309692,103.76383870840073,0.9999650716781616
79,Right Ear,853.0383288860321,105.26194363832474,0.9999809265136719
79,Left Shoulder,972.3872184753418,196.6191065311432,0.9999892711639404
79,Right Shoulder,744.4487392902374,206.5148162841797,0.999996542930603
79,Left Elbow,1020.2587962150574,307.2591018676758,0.9962706565856934
79,Right Elbow,714.86536860466,317.4795413017273,0.9965353012084961
79,Left Wrist,1051.683497428894,409.7989761829376,0.9903386831283569
79,Right Wrist,736.0723376274109,418.7643027305603,0.9905717968940735
79,Left Hip,947.6238012313843,414.65221881866455,0.9996115565299988
79,Right Hip,823.0460941791534,428.5517692565918,0.9998483657836914
79,Left Knee,1000.9628534317017,570.3410625457764,0.9719635248184204
79,Right Knee,791.0866439342499,589.198944568634,0.9841708540916443
79,Left Ankle,1006.2103569507599,716.6564226150513,0.9667659997940063
79,Right Ankle,803.0727326869965,743.7260484695435,0.9859026074409485
80,Nose,866.8107390403748,125.72295516729355,0.9999943971633911
80,Left Eye,875.8362352848053,104.78165656328201,0.9999773502349854
80,Right Eye,883.147794008255,104.3869936466217,0.9999776482582092
80,Left Ear,889.7486925125122,104.1735890507698,0.9999649524688721
80,Right Ear,853.1524777412415,105.61632513999939,0.9999808669090271
80,Left Shoulder,972.329980134964,196.70607447624207,0.9999893307685852
80,Right Shoulder,744.3709135055542,207.05426216125488,0.999996542930603
80,Left Elbow,1020.2431261539459,307.35952377319336,0.9962244629859924
80,Right Elbow,714.8135721683502,317.48275995254517,0.9964886903762817
80,Left Wrist,1051.628816127777,409.85259890556335,0.990246593952179
80,Right Wrist,736.0650599002838,418.7972939014435,0.990456223487854
80,Left Hip,947.6163923740387,414.666348695755,0.9996063709259033
80,Right Hip,822.9743003845215,428.559011220932,0.9998465776443481
80,Left Knee,1000.9625256061554,570.3456974029541,0.9717780947685242
80,Right Knee,791.0722851753235,589.0848755836487,0.9840568900108337
80,Left Ankle,1006.1590850353241,716.6466379165649,0.9665376543998718
80,Right Ankle,803.0301809310913,743.6428141593933,0.9857788681983948
81,Nose,866.8990552425385,125.87514907121658,0.9999943375587463
81,Left Eye,875.8740663528442,105.00024318695068,0.9999772310256958
81,Right Eye,883.1588745117188,104.60193514823914,0.9999775886535645
81,Left Ear,889.748626947403,104.3873718380928,0.999964714050293
81,Right Ear,853.3305525779724,105.78981041908264,0.9999806880950928
81,Left Shoulder,972.3088026046753,196.81822836399078,0.99998939037323
81,Right Shoulder,744.3776667118073,207.52508640289307,0.999996542930603
81,Left Elbow,1020.2318489551544,307.3963451385498,0.9961983561515808
81,Right Elbow,714.7889852523804,317.64549493789673,0.9964842796325684
81,Left Wrist,1051.5801012516022,409.9152982234955,0.9901828169822693
81,Right Wrist,736.0569298267365,418.9073073863983,0.9904136061668396
81,Left Hip,947.5571870803833,414.67777490615845,0.9996030330657959
81,Right Hip,822.8376626968384,428.5650944709778,0.9998448491096497
81,Left Knee,1000.9711802005768,570.3499460220337,0.9716830849647522
81,Right Knee,790.926468372345,588.9854192733765,0.9840292930603027
81,Left Ankle,1006.1108946800232,716.6436767578125,0.9663865566253662
81,Right Ankle,803.0084133148193,743.5391736030579,0.9857020974159241
82,Nose,866.9048249721527,125.96404820680618,0.9999942183494568
82,Left Eye,875.8717060089111,105.14524340629578,0.9999768733978271
82,Right Eye,883.1293046474457,104.73699778318405,0.9999772906303406
82,Left Ear,889.6795213222504,104.51469361782074,0.9999641180038452
82,Right Ear,853.3527791500092,105.89863300323486,0.9999803900718689
82,Left Shoulder,972.1038460731506,196.89492881298065,0.9999894499778748
82,Right Shoulder,744.3770110607147,207.6743996143341,0.999996542930603
82,Left Elbow,1020.189493894577,307.4175560474396,0.9961877465248108
82,Right Elbow,714.7742986679077,317.7630400657654,0.996473491191864
82,Left Wrist,1051.5356481075287,409.9383759498596,0.9901102781295776
82,Right Wrist,736.0493898391724,419.01593685150146,0.9903682470321655
82,Left Hip,947.540271282196,414.6846628189087,0.9996016621589661
82,Right Hip,822.7450847625732,428.57243299484253,0.9998438358306885
82,Left Knee,1000.9945213794708,570.3590869903564,0.971631646156311
82,Right Knee,790.704333782196,588.982264995575,0.9839707016944885
82,Left Ankle,1006.1072885990143,716.847288608551,0.9662861227989197
82,Right Ankle,802.9821217060089,743.5365986824036,0.9856343269348145
83,Nose,866.8622732162476,126.0078701376915,0.9999940395355225
83,Left Eye,875.8157789707184,105.22153347730637,0.9999762773513794
83,Right Eye,883.0321371555328,104.81788247823715,0.9999767541885376
83,Left Ear,889.5426213741302,104.59837049245834,0.9999631643295288
83,Right Ear,853.3508777618408,105.9219279885292,0.9999798536300659
83,Left Shoulder,971.9028890132904,196.9708889722824,0.99998939037323
83,Right Shoulder,744.3333446979523,207.84802973270416,0.9999964833259583
83,Left Elbow,1019.9677526950836,307.4267613887787,0.9961687922477722
83,Right Elbow,714.7658407688141,317.83610343933105,0.99643474817276
83,Left Wrist,1051.4560520648956,409.9492871761322,0.9900157451629639
83,Right Wrist,736.0556185245514,419.0931522846222,0.9902393221855164
83,Left Hip,947.5305020809174,414.6914219856262,0.9995983839035034
83,Right Hip,822.6691603660583,428.57890248298645,0.99984210729599
83,Left Knee,1000.9952425956726,570.3644943237305,0.971494197845459
83,Right Knee,790.5478298664093,588.9309597015381,0.9838305115699768
83,Left Ankle,1006.0958802700043,717.0386052131653,0.9662171602249146
83,Right Ankle,802.9449462890625,743.537757396698,0.9855590462684631
84,Nose,866.8728947639465,126.0342389345169,0.9999938607215881
84,Left Eye,875.8172869682312,105.2473309636116,0.9999754428863525
84,Right Eye,883.0164670944214,104.8453938961029,0.9999759793281555
84,Left Ear,889.4941687583923,104.62525427341461,0.9999620318412781
84,Right Ear,853.3869385719299,105.9281399846077,0.9999791383743286
84,Left Shoulder,971.6639041900635,196.94079458713531,0.99998939037323
84,Right Shoulder,744.3041682243347,207.90055811405182,0.9999964237213135
84,Left Elbow,1019.9003517627716,307.2982406616211,0.9961934685707092
84,Right Elbow,714.7579073905945,318.0668807029724,0.9964348673820496
84,Left Wrist,1051.443463563919,409.9477422237396,0.9900320768356323
84,Right Wrist,736.0579133033752,419.13583159446716,0.9902262687683105
84,Left Hip,947.5532531738281,414.660941362381,0.9995990991592407
84,Right Hip,822.661554813385,428.5816705226898,0.9998406171798706
84,Left Knee,1001.0004878044128,570.3474998474121,0.9713575839996338
84,Right Knee,790.5141294002533,588.8866710662842,0.983562171459198
84,Left Ankle,1006.0967981815338,717.3566722869873,0.9660694003105164
84,Right Ankle,802.9363572597504,743.5842990875244,0.985385537147522
85,Nose,866.8738126754761,126.0269084572792,0.9999938011169434
85,Left Eye,875.8078455924988,105.25231182575226,0.9999746680259705
85,Right Eye,882.9718172550201,104.8505437374115,0.9999752640724182
85,Left Ear,889.3946409225464,104.62963163852692,0.9999611973762512
85,Right Ear,853.3974945545197,105.91794490814209,0.9999785423278809
85,Left Shoulder,971.1255490779877,196.84899866580963,0.9999892711639404
85,Right Shoulder,744.265878200531,207.77715504169464,0.9999963045120239
85,Left Elbow,1019.7367012500763,306.38391852378845,0.9962449669837952
85,Right Elbow,714.7772490978241,318.0839717388153,0.9964948892593384
85,Left Wrist,1051.3717353343964,409.84760999679565,0.9900253415107727
85,Right Wrist,736.0524713993073,419.1530191898346,0.9903086423873901
85,Left Hip,947.4749684333801,414.5587491989136,0.9996070861816406
85,Right Hip,822.5387513637543,428.30963015556335,0.9998419284820557
85,Left Knee,1001.0130107402802,570.2867317199707,0.9716618061065674
85,Right Knee,790.5068516731262,588.76957654953,0.9836608171463013
85,Left Ankle,1006.0960114002228,717.6635384559631,0.9666779637336731
85,Right Ankle,802.9275715351105,743.6223435401917,0.9855378270149231
86,Nose,866.8431282043457,126.03186517953873,0.9999936819076538
86,Left Eye,875.7431328296661,105.25929629802704,0.9999737739562988
86,Right Eye,882.8527510166168,104.85785812139511,0.9999743700027466
86,Left Ear,889.2212212085724,104.63660001754761,0.9999598860740662
86,Right Ear,853.3948063850403,105.92186361551285,0.9999778270721436
86,Left Shoulder,970.8734512329102,196.7535012960434,0.9999891519546509
86,Right Shoulder,744.209623336792,207.779923081398,0.9999962449073792
86,Left Elbow,1019.691002368927,306.19144320487976,0.9962628483772278
86,Right Elbow,714.8146867752075,318.9162826538086,0.9964936375617981
86,Left Wrist,1051.3638019561768,409.8464512825012,0.9899566173553467
86,Right Wrist,736.0444068908691,419.3016564846039,0.9903090596199036
86,Left Hip,947.4760174751282,414.5407569408417,0.9996089935302734
86,Right Hip,822.5346863269806,428.29073667526245,0.9998416900634766
86,Left Knee,1001.0425806045532,570.2794575691223,0.9716529846191406
86,Right Knee,790.5004262924194,588.6486840248108,0.9836242198944092
86,Left Ankle,1006.1061084270477,718.253710269928,0.9668017625808716
86,Right Ankle,802.9318332672119,743.7236666679382,0.9855737686157227
87,Nose,867.0749008655548,126.06843709945679,0.9999935626983643
87,Left Eye,875.8941948413849,105.2874755859375,0.9999733567237854
87,Right Eye,882.9222500324249,104.87984150648117,0.9999738335609436
87,Left Ear,889.2376124858856,104.65344160795212,0.9999591112136841
87,Right Ear,853.7132561206818,105.95197409391403,0.9999775290489197
87,Left Shoulder,970.7763493061066,196.75382316112518,0.9999891519546509
87,Right Shoulder,743.9691305160522,207.68239796161652,0.9999962449073792
87,Left Elbow,1019.6848392486572,306.1879026889801,0.9962603449821472
87,Right Elbow,714.8704171180725,319.27361726760864,0.9964593648910522
87,Left Wrist,1051.3753414154053,409.857941865921,0.9899178147315979
87,Right Wrist,736.0446035861969,419.4394791126251,0.9902767539024353
87,Left Hip,947.4716246128082,414.5358645915985,0.9996078610420227
87,Right Hip,822.5112795829773,428.28590869903564,0.9998403787612915
87,Left Knee,1001.0610699653625,570.2764320373535,0.9718837141990662
87,Right Knee,790.4957056045532,588.6423754692078,0.9836204051971436
87,Left Ankle,1006.107747554779,718.659131526947,0.9671382308006287
87,Right Ankle,802.9669106006622,743.7400817871094,0.9856545925140381
88,Nose,867.3190653324127,126.10556423664093,0.9999934434890747
88,Left Eye,876.1028230190277,105.33242404460907,0.9999725818634033
88,Right Eye,883.0196797847748,104.92806494235992,0.9999729990959167
88,Left Ear,889.2646908760071,104.70184206962585,0.9999579191207886
88,Right Ear,854.1761457920074,105.97179293632507,0.9999769926071167
88,Left Shoulder,970.7225203514099,196.74522936344147,0.9999890327453613
88,Right Shoulder,743.7529623508453,207.6177191734314,0.9999961853027344
88,Left Elbow,1019.5512175559998,306.18735551834106,0.9962534308433533
88,Right Elbow,714.8800551891327,319.93791460990906,0.9964652061462402
88,Left Wrist,1051.369047164917,409.8685312271118,0.9898473024368286
88,Right Wrist,736.0424399375916,419.47362899780273,0.990326464176178
88,Left Hip,947.4465131759644,414.5330321788788,0.9996057152748108
88,Right Hip,822.4674165248871,428.2758343219757,0.99983811378479
88,Left Knee,1001.0945081710815,570.2670335769653,0.9720057249069214
88,Right Knee,790.490460395813,588.6567306518555,0.9835172295570374
88,Left Ankle,1006.1103045940399,718.9220309257507,0.9672881364822388
88,Right Ankle,802.9633045196533,743.8493227958679,0.9856348633766174
89,Nose,867.5873577594757,126.11216247081757,0.9999933838844299
89,Left Eye,876.3376116752625,105.3432708978653,0.9999721050262451
89,Right Eye,883.1598579883575,104.93931412696838,0.999972403049469
89,Left Ear,889.3318295478821,104.71284180879593,0.999957263469696
89,Right Ear,854.5720934867859,105.98239839076996,0.9999767541885376
89,Left Shoulder,970.6261396408081,196.74009561538696,0.9999889731407166
89,Right Shoulder,743.611079454422,207.58886396884918,0.9999961256980896
89,Left Elbow,1019.3025290966034,306.0838758945465,0.9962769746780396
89,Right Elbow,714.8776948451996,320.3709840774536,0.9964966773986816
89,Left Wrist,1051.3635396957397,409.87213611602783,0.989871621131897
89,Right Wrist,736.0536515712738,419.55885887145996,0.9904098510742188
89,Left Hip,947.4068462848663,414.50493335723877,0.9996063113212585
89,Right Hip,822.4081456661224,428.22678208351135,0.9998368620872498
89,Left Knee,1001.1094570159912,570.2663898468018,0.9722272753715515
89,Right Knee,790.4608249664307,588.6674165725708,0.9834530353546143
89,Left Ankle,1006.1029613018036,718.9940643310547,0.9675720930099487
89,Right Ankle,802.960878610611,743.9420199394226,0.9856823682785034
90,Nose,867.6037490367889,126.11758589744568,0.9999933838844299
90,Left Eye,876.3477742671967,105.35156697034836,0.9999720454216003
90,Right Eye,883.1607758998871,104.94875282049179,0.9999722838401794
90,Left Ear,889.3228471279144,104.72181379795074,0.9999572038650513
90,Right Ear,854.6179234981537,105.98787009716034,0.9999766945838928
90,Left Shoulder,970.6063389778137,196.717227101326,0.9999890923500061
90,Right Shoulder,743.4861123561859,207.5887030363083,0.9999960660934448
90,Left Elbow,1019.2973494529724,306.0957205295563,0.9963158965110779
90,Right Elbow,714.8767113685608,321.26808643341064,0.9964957237243652
90,Left Wrist,1051.3709485530853,409.90448355674744,0.9899669885635376
90,Right Wrist,736.0582411289215,419.90055084228516,0.9904178977012634
90,Left Hip,947.4250733852386,414.4791841506958,0.9996050000190735
90,Right Hip,822.4502384662628,428.2238209247589,0.9998345971107483
90,Left Knee,1001.1122763156891,570.3083610534668,0.9722962379455566
90,Right Knee,790.4098153114319,588.6916208267212,0.9833244681358337
90,Left Ankle,1006.0876190662384,719.0766549110413,0.9675930738449097
90,Right Ankle,802.9074430465698,744.0612387657166,0.9856230020523071
91,Nose,867.6424980163574,126.15238755941391,0.9999934434890747
91,Left Eye,876.3932764530182,105.38357645273209,0.9999717473983765
91,Right Eye,883.1833302974701,104.98515576124191,0.9999719262123108
91,Left Ear,889.3273055553436,104.76206302642822,0.9999569058418274
91,Right Ear,854.6700477600098,106.00546002388,0.9999765157699585
91,Left Shoulder,970.5779492855072,196.71241521835327,0.9999890923500061
91,Right Shoulder,743.147599697113,207.61099219322205,0.9999960064888
91,Left Elbow,1019.3020045757294,306.12027883529663,0.9963786005973816
91,Right Elbow,714.9821400642395,322.5206243991852,0.9965598583221436
91,Left Wrist,1051.3751447200775,409.9711740016937,0.9900482296943665
91,Right Wrist,736.0720098018646,420.1381194591522,0.9905614256858826
91,Left Hip,947.4810659885406,414.48195219039917,0.9996104836463928
91,Right Hip,822.5928425788879,428.23737144470215,0.9998352527618408
91,Left Knee,1001.0806083679199,570.3227806091309,0.972454845905304
91,Right Knee,790.3907358646393,588.7104177474976,0.9832375645637512
91,Left Ankle,1006.0126781463623,719.0884351730347,0.9676361680030823
91,Right Ankle,802.8197824954987,744.0751433372498,0.9856565594673157
