Frame,Keypoint,X,Y,Confidence
1,Nose,352.2256851196289,-21.730109453201294,0.999992847442627
1,Left Eye,366.5909671783447,-45.7670259475708,0.9999754428863525
1,Right Eye,377.2053909301758,-37.27883219718933,0.9999643564224243
1,Left Ear,379.65662956237793,-20.065680742263794,0.999955415725708
1,Right Ear,333.62385749816895,-57.449634075164795,0.9999648332595825
1,Left Shoulder,467.91157722473145,142.3699700832367,0.9999938011169434
1,Right Shoulder,155.02288341522217,118.92110109329224,0.9999639987945557
1,Left Elbow,551.6405296325684,325.75063705444336,0.996479332447052
1,Right Elbow,54.73586440086365,322.16036081314087,0.9967595934867859
1,Left Wrist,632.3169708251953,497.94291973114014,0.9887124300003052
1,Right Wrist,154.92307662963867,464.9100995063782,0.9797357320785522
1,Left Hip,385.4362678527832,441.0080122947693,0.999861478805542
1,Right Hip,225.55964469909668,439.6407616138458,0.9994334578514099
1,Left Knee,586.9760513305664,557.1041035652161,0.754654586315155
1,Right Knee,152.78238773345947,523.9104151725769,0.8244701623916626
1,Left Ankle,500.2030563354492,868.9802312850952,0.7169065475463867
1,Right Ankle,197.27421283721924,805.7798337936401,0.6945544481277466
2,Nose,354.6616744995117,-63.12611907720566,0.9999927282333374
2,Left Eye,371.94082260131836,-92.53274291753769,0.9999760985374451
2,Right Eye,383.47580909729004,-87.85366147756577,0.999965250492096
2,Left Ear,385.8545207977295,-54.669279009103775,0.9999566674232483
2,Right Ear,337.7834987640381,-96.82946473360062,0.9999662041664124
2,Left Shoulder,467.87644386291504,139.93211567401886,0.9999934434890747
2,Right Shoulder,154.79634761810303,112.14318573474884,0.999965488910675
2,Left Elbow,551.3860702514648,325.6521141529083,0.9964944124221802
2,Right Elbow,53.523781299591064,320.96295833587646,0.9968947768211365
2,Left Wrist,628.6332893371582,496.43948793411255,0.9891380667686462
2,Right Wrist,155.94258785247803,465.0947856903076,0.9810056686401367
2,Left Hip,384.30261611938477,441.497118473053,0.9998586177825928
2,Right Hip,215.60807704925537,444.6747958660126,0.9994539618492126
2,Left Knee,611.4451789855957,575.6956100463867,0.7484000325202942
2,Right Knee,157.35434532165527,572.1432495117188,0.8226203918457031
2,Left Ankle,491.9154739379883,881.9060754776001,0.6931103467941284
2,Right Ankle,198.6388635635376,869.8153424263,0.6747709512710571
3,Nose,361.29727363586426,-76.71313852071762,0.9999921321868896
3,Left Eye,378.9601421356201,-104.21330720186234,0.9999759793281555
3,Right Eye,385.15591621398926,-74.69394207000732,0.9999651908874512
3,Left Ear,391.86716079711914,-59.50724110007286,0.9999570846557617
3,Right Ear,346.9412899017334,-108.91075104475021,0.9999668002128601
3,Left Shoulder,467.6520824432373,138.76168549060822,0.9999925494194031
3,Right Shoulder,152.62983798980713,109.17759329080582,0.9999662041664124
3,Left Elbow,551.3863563537598,325.638370513916,0.9964308738708496
3,Right Elbow,51.99243664741516,320.8842623233795,0.9969855546951294
3,Left Wrist,628.3316802978516,495.836763381958,0.9894744753837585
3,Right Wrist,157.21508502960205,465.2110433578491,0.9821444153785706
3,Left Hip,381.496524810791,445.01017928123474,0.9998517036437988
3,Right Hip,205.72607517242432,456.62532448768616,0.9994676113128662
3,Left Knee,609.895076751709,573.2622456550598,0.7485865354537964
3,Right Knee,178.27879428863525,578.8833618164062,0.82756507396698
3,Left Ankle,488.8355255126953,883.3670210838318,0.674926221370697
3,Right Ankle,207.5172472000122,886.2847924232483,0.6647719144821167
4,Nose,360.8529853820801,-66.12308531999588,0.9999906420707703
4,Left Eye,378.12249183654785,-56.72052517533302,0.9999741911888123
4,Right Eye,384.93993759155273,-51.41865089535713,0.9999629259109497
4,Left Ear,393.0443286895752,-55.95175042748451,0.9999552965164185
4,Right Ear,347.4020004272461,-98.34873229265213,0.9999648928642273
4,Left Shoulder,467.5897693634033,138.63796055316925,0.9999923706054688
4,Right Shoulder,152.25525856018066,108.74896556138992,0.9999667406082153
4,Left Elbow,551.1526107788086,326.03230118751526,0.9963483214378357
4,Right Elbow,51.53381109237671,320.7902455329895,0.9968778491020203
4,Left Wrist,628.1691741943359,494.824755191803,0.9897980093955994
4,Right Wrist,157.41681575775146,465.07978677749634,0.9825141429901123
4,Left Hip,378.89777183532715,455.7145428657532,0.9998427033424377
4,Right Hip,202.13293075561523,468.66172671318054,0.9994670152664185
4,Left Knee,609.5526695251465,571.5994906425476,0.7417187690734863
4,Right Knee,189.40173625946045,571.5847492218018,0.8271257281303406
4,Left Ankle,489.5446586608887,883.459267616272,0.6499572992324829
4,Right Ankle,206.48361682891846,878.4157061576843,0.6403806805610657
5,Nose,362.5781536102295,-27.123051434755325,0.9999895691871643
5,Left Eye,378.9026069641113,-46.688336580991745,0.9999732375144958
5,Right Eye,387.41503715515137,-46.1921252310276,0.9999619126319885
5,Left Ear,397.70642280578613,-51.62281796336174,0.999954342842102
5,Right Ear,349.13944244384766,-94.98944252729416,0.9999643564224243
5,Left Shoulder,467.89034843444824,138.0712366104126,0.9999917149543762
5,Right Shoulder,152.66518592834473,106.92021667957306,0.9999678730964661
5,Left Elbow,551.3350296020508,326.05785727500916,0.9960788488388062
5,Right Elbow,51.41850829124451,320.516756772995,0.9968764781951904
5,Left Wrist,628.000545501709,492.6622402667999,0.9899608492851257
5,Right Wrist,157.51287460327148,464.3372440338135,0.9832124710083008
5,Left Hip,378.971529006958,461.06648325920105,0.9998301863670349
5,Right Hip,201.0818910598755,470.5307972431183,0.9994768500328064
5,Left Knee,609.8282432556152,570.7115292549133,0.7405978441238403
5,Right Knee,184.69576835632324,569.2609477043152,0.8343175649642944
5,Left Ankle,489.83842849731445,883.3964395523071,0.6331382989883423
5,Right Ankle,194.6779489517212,880.8166265487671,0.6404535174369812
6,Nose,362.3591423034668,-45.339496582746506,0.9999875426292419
6,Left Eye,378.319673538208,-47.21438482403755,0.9999703168869019
6,Right Eye,387.2346496582031,-46.42667233943939,0.9999591708183289
6,Left Ear,396.62449836730957,-49.11836966872215,0.9999507069587708
6,Right Ear,349.03876304626465,-96.84999972581863,0.9999610185623169
6,Left Shoulder,468.3555793762207,137.1665382385254,0.9999910593032837
6,Right Shoulder,152.51479625701904,106.43689602613449,0.9999682903289795
6,Left Elbow,551.2862777709961,326.0464310646057,0.995775580406189
6,Right Elbow,51.850959062576294,320.3852427005768,0.9968706965446472
6,Left Wrist,628.5839080810547,489.371942281723,0.9901110529899597
6,Right Wrist,157.3961591720581,464.12606835365295,0.9838061928749084
6,Left Hip,380.03005027770996,464.60880160331726,0.9998201131820679
6,Right Hip,200.7017469406128,473.1637179851532,0.9994791746139526
6,Left Knee,611.7859268188477,569.7814035415649,0.7353147864341736
6,Right Knee,178.3705759048462,566.1525678634644,0.8371018171310425
6,Left Ankle,485.9153938293457,884.1183829307556,0.6134692430496216
6,Right Ankle,188.07862758636475,883.35768699646,0.630529522895813
7,Nose,361.7665100097656,-21.238685846328735,0.9999856352806091
7,Left Eye,377.88888931274414,-42.8803588449955,0.9999667406082153
7,Right Eye,387.10741996765137,-43.158265203237534,0.9999555945396423
7,Left Ear,396.04963302612305,-48.38727727532387,0.9999458193778992
7,Right Ear,348.4102249145508,-94.14859414100647,0.9999573826789856
7,Left Shoulder,469.1706848144531,136.29215955734253,0.9999902844429016
7,Right Shoulder,152.41647720336914,105.00730007886887,0.9999691247940063
7,Left Elbow,551.3338279724121,325.9969925880432,0.9954725503921509
7,Right Elbow,52.65406250953674,319.8261308670044,0.9968514442443848
7,Left Wrist,628.7179183959961,487.68028378486633,0.9901660680770874
7,Right Wrist,157.3412847518921,463.9459526538849,0.9843224883079529
7,Left Hip,382.8515338897705,465.8442485332489,0.9997925758361816
7,Right Hip,201.96322917938232,474.5903527736664,0.9994650483131409
7,Left Knee,612.4128341674805,572.854700088501,0.727084755897522
7,Right Knee,178.04829597473145,564.008367061615,0.8373573422431946
7,Left Ankle,482.5923728942871,890.2598261833191,0.5897404551506042
7,Right Ankle,181.48597240447998,895.1360177993774,0.6192353963851929
8,Nose,363.67655754089355,-22.255063354969025,0.9999846816062927
8,Left Eye,379.60083961486816,-43.881729394197464,0.9999650716781616
8,Right Eye,389.7326946258545,-45.33745273947716,0.9999544620513916
8,Left Ear,400.25190353393555,-48.305133283138275,0.9999435544013977
8,Right Ear,349.7805976867676,-98.2895091176033,0.9999561309814453
8,Left Shoulder,470.42346954345703,136.12594842910767,0.9999890923500061
8,Right Shoulder,151.74250602722168,104.8893204331398,0.9999698400497437
8,Left Elbow,551.418571472168,325.8150100708008,0.9950833320617676
8,Right Elbow,54.031959772109985,319.71161127090454,0.9969332814216614
8,Left Wrist,628.740291595459,487.46646881103516,0.990288257598877
8,Right Wrist,157.32481956481934,463.678160905838,0.9851540327072144
8,Left Hip,383.81103515625,465.42144656181335,0.9997837543487549
8,Right Hip,202.3798656463623,473.9455282688141,0.9994701147079468
8,Left Knee,612.65625,572.2958779335022,0.7257302403450012
8,Right Knee,181.99039936065674,561.865131855011,0.840684175491333
8,Left Ankle,483.10935974121094,887.6496291160583,0.5740152597427368
8,Right Ankle,192.10734844207764,891.9037199020386,0.6136041879653931
9,Nose,363.7440490722656,-56.119043827056885,0.9999841451644897
9,Left Eye,380.0679588317871,-56.428682059049606,0.9999642372131348
9,Right Eye,390.5251979827881,-57.21220225095749,0.999954342842102
9,Left Ear,401.4463806152344,-58.14608171582222,0.9999426603317261
9,Right Ear,349.82213973999023,-104.67860341072083,0.9999555945396423
9,Left Shoulder,471.12582206726074,135.64213693141937,0.9999881386756897
9,Right Shoulder,151.41138553619385,104.47804123163223,0.9999702572822571
9,Left Elbow,550.6555366516113,324.7011637687683,0.9947822690010071
9,Right Elbow,54.65978980064392,319.69860792160034,0.9970397353172302
9,Left Wrist,628.7557983398438,485.2478528022766,0.9905657768249512
9,Right Wrist,157.20532894134521,463.56895208358765,0.9860007166862488
9,Left Hip,383.56515884399414,465.82632064819336,0.9997774958610535
9,Right Hip,200.16883850097656,473.4252655506134,0.999476432800293
9,Left Knee,612.1646118164062,571.618480682373,0.725906252861023
9,Right Knee,179.81557846069336,557.9726243019104,0.8458687663078308
9,Left Ankle,482.83836364746094,886.9974660873413,0.5628893375396729
9,Right Ankle,192.09270000457764,893.1396174430847,0.6134495139122009
10,Nose,364.3155097961426,-70.91061115264893,0.9999831318855286
10,Left Eye,380.3691101074219,-64.15396302938461,0.9999628067016602
10,Right Eye,391.00839614868164,-64.04376849532127,0.9999532103538513
10,Left Ear,402.0911121368408,-63.71211066842079,0.9999408721923828
10,Right Ear,350.8827495574951,-110.77535569667816,0.9999547004699707
10,Left Shoulder,471.4804458618164,135.62029838562012,0.9999866485595703
10,Right Shoulder,151.3282299041748,103.84810298681259,0.9999701380729675
10,Left Elbow,550.297679901123,324.285249710083,0.9942828416824341
10,Right Elbow,54.81733560562134,319.47819471359253,0.9971010088920593
10,Left Wrist,628.8187980651855,484.8612606525421,0.9907158017158508
10,Right Wrist,156.68386459350586,463.1825852394104,0.9866695404052734
10,Left Hip,383.95586013793945,468.9021599292755,0.9997706413269043
10,Right Hip,199.97191429138184,475.8259928226471,0.9994824528694153
10,Left Knee,612.7540397644043,572.1502661705017,0.7248979210853577
10,Right Knee,178.43974113464355,550.8839964866638,0.8507689237594604
10,Left Ankle,480.8701515197754,887.7949833869934,0.5502069592475891
10,Right Ankle,194.2157506942749,891.2814903259277,0.6101941466331482
11,Nose,364.22329902648926,-64.78439211845398,0.9999831914901733
11,Left Eye,379.52253341674805,-63.53398248553276,0.9999632835388184
11,Right Eye,390.64141273498535,-62.267974466085434,0.9999542832374573
11,Left Ear,401.6003608703613,-60.44266551733017,0.9999418258666992
11,Right Ear,350.6036853790283,-111.36501252651215,0.9999555945396423
11,Left Shoulder,471.653995513916,135.6549310684204,0.9999864101409912
11,Right Shoulder,150.79622268676758,103.96076381206512,0.9999713897705078
11,Left Elbow,550.2880096435547,324.28730964660645,0.9941015839576721
11,Right Elbow,54.2781400680542,319.15655493736267,0.9972136616706848
11,Left Wrist,628.7334823608398,484.15589332580566,0.9910440444946289
11,Right Wrist,156.06515407562256,462.72045135498047,0.9874225854873657
11,Left Hip,383.59216690063477,472.91404724121094,0.9997655153274536
11,Right Hip,196.31502628326416,479.1173851490021,0.999494194984436
11,Left Knee,612.5205230712891,572.0692849159241,0.7227228283882141
11,Right Knee,177.67839431762695,534.0988612174988,0.8567120432853699
11,Left Ankle,481.31664276123047,888.0724310874939,0.539018452167511
11,Right Ankle,193.26756477355957,891.792483329773,0.6152752637863159
12,Nose,364.12919998168945,-72.44420170783997,0.9999831318855286
12,Left Eye,379.45286750793457,-67.27253794670105,0.999963641166687
12,Right Eye,390.470609664917,-66.07113629579544,0.9999550580978394
12,Left Ear,401.18617057800293,-64.55269753932953,0.9999427795410156
12,Right Ear,350.5564212799072,-114.42400217056274,0.9999564290046692
12,Left Shoulder,471.7734718322754,135.22641599178314,0.9999858140945435
12,Right Shoulder,150.71521282196045,103.53488802909851,0.9999722242355347
12,Left Elbow,550.2434349060059,324.2172074317932,0.9937400221824646
12,Right Elbow,54.00340676307678,318.95793199539185,0.9972921013832092
12,Left Wrist,628.7497901916504,483.72324228286743,0.9912922382354736
12,Right Wrist,154.89365100860596,462.4559426307678,0.988091230392456
12,Left Hip,383.5337734222412,478.0534601211548,0.9997581243515015
12,Right Hip,195.70838928222656,484.6325433254242,0.9995022416114807
12,Left Knee,612.1782875061035,572.1958422660828,0.7191499471664429
12,Right Knee,172.6814603805542,535.2814257144928,0.8612338900566101
12,Left Ankle,479.5979118347168,890.3390049934387,0.5274926424026489
12,Right Ankle,192.0297145843506,902.7439427375793,0.6161687970161438
13,Nose,364.3106174468994,-69.82902377843857,0.999983549118042
13,Left Eye,380.3024482727051,-66.50507479906082,0.9999650120735168
13,Right Eye,391.565465927124,-64.84942495822906,0.9999570250511169
13,Left Ear,402.7856254577637,-62.86039933562279,0.9999451041221619
13,Right Ear,350.8516788482666,-112.27336406707764,0.9999582171440125
13,Left Shoulder,471.99809074401855,135.11517941951752,0.9999858736991882
13,Right Shoulder,150.73007583618164,103.40332567691803,0.9999729990959167
13,Left Elbow,550.3808212280273,323.66836309432983,0.9935736060142517
13,Right Elbow,53.599090576171875,318.8263213634491,0.9973851442337036
13,Left Wrist,628.7634086608887,483.0601680278778,0.99159175157547
13,Right Wrist,154.3983507156372,462.54162311553955,0.9886879324913025
13,Left Hip,383.717622756958,477.87707805633545,0.9997541308403015
13,Right Hip,195.20719528198242,484.1742718219757,0.9995083808898926
13,Left Knee,611.9525527954102,572.3618602752686,0.7216172814369202
13,Right Knee,169.44783210754395,535.1651036739349,0.866157054901123
13,Left Ankle,479.4422435760498,890.2199792861938,0.5215795636177063
13,Right Ankle,192.03866958618164,899.4384527206421,0.6167018413543701
14,Nose,364.39295768737793,-72.09964513778687,0.9999837279319763
14,Left Eye,380.2727222442627,-72.65097588300705,0.9999659657478333
14,Right Eye,391.5669822692871,-71.14940285682678,0.9999585747718811
14,Left Ear,402.8440189361572,-69.49355989694595,0.9999468922615051
14,Right Ear,350.70465087890625,-112.64370203018188,0.9999594688415527
14,Left Shoulder,472.0370864868164,134.36790525913239,0.99998539686203
14,Right Shoulder,150.47043800354004,103.43404769897461,0.999973475933075
14,Left Elbow,550.3905487060547,323.3922350406647,0.9933524131774902
14,Right Elbow,54.129027128219604,318.867005109787,0.9974676370620728
14,Left Wrist,628.7744522094727,483.1424045562744,0.9918330907821655
14,Right Wrist,153.88920307159424,462.52215027809143,0.9893049001693726
14,Left Hip,383.6905574798584,477.7429246902466,0.9997541308403015
14,Right Hip,194.89830493927002,485.11398911476135,0.9995198845863342
14,Left Knee,611.835765838623,573.9006328582764,0.7280736565589905
14,Right Knee,172.80331134796143,537.5236344337463,0.8730705976486206
14,Left Ankle,479.2873477935791,894.1098475456238,0.5220833420753479
14,Right Ankle,199.86139297485352,905.7411503791809,0.6262636184692383
15,Nose,364.1125202178955,-71.3031256198883,0.9999837875366211
15,Left Eye,379.77121353149414,-72.44907796382904,0.9999663233757019
15,Right Eye,391.2477493286133,-70.77214479446411,0.9999595880508423
15,Left Ear,402.75750160217285,-68.93654823303223,0.999947726726532
15,Right Ear,350.2950954437256,-111.9594007730484,0.99996018409729
15,Left Shoulder,472.2304630279541,134.37510699033737,0.999984860420227
15,Right Shoulder,149.9204921722412,103.52628618478775,0.9999741911888123
15,Left Elbow,550.3542137145996,323.41116070747375,0.9931866526603699
15,Right Elbow,54.03870105743408,319.3024241924286,0.9975631237030029
15,Left Wrist,628.7861824035645,483.1164622306824,0.9920181632041931
15,Right Wrist,153.31159114837646,462.2219145298004,0.9899086356163025
15,Left Hip,383.15606117248535,477.8247106075287,0.999749481678009
15,Right Hip,194.3489170074463,486.2157332897186,0.9995256662368774
15,Left Knee,611.9035720825195,574.5342564582825,0.7370246052742004
15,Right Knee,179.20698165893555,538.4173572063446,0.8805757761001587
15,Left Ankle,479.6045780181885,893.7206482887268,0.5263643860816956
15,Right Ankle,202.63628482818604,903.1300520896912,0.6374987363815308
16,Nose,363.96912574768066,-73.06236773729324,0.9999840259552002
16,Left Eye,379.58481788635254,-75.69904625415802,0.9999672770500183
16,Right Eye,391.1359977722168,-74.03092414140701,0.9999610781669617
16,Left Ear,402.61353492736816,-72.2646090388298,0.9999495148658752
16,Right Ear,350.0620937347412,-112.22213923931122,0.9999614357948303
16,Left Shoulder,472.31560707092285,134.43693727254868,0.9999842047691345
16,Right Shoulder,149.48926448822021,103.55349987745285,0.9999744892120361
16,Left Elbow,550.4647064208984,323.98253560066223,0.9930034875869751
16,Right Elbow,54.02800798416138,319.54437017440796,0.9976261258125305
16,Left Wrist,628.8385963439941,483.7597417831421,0.9921453595161438
16,Right Wrist,153.24471473693848,461.5639579296112,0.9903891086578369
16,Left Hip,382.9726982116699,477.3427176475525,0.9997468590736389
16,Right Hip,194.20735359191895,486.0968041419983,0.9995326399803162
16,Left Knee,611.6029930114746,577.929482460022,0.744420051574707
16,Right Knee,180.76508045196533,538.9652681350708,0.8865499496459961
16,Left Ankle,479.76505279541016,893.4410119056702,0.5280977487564087
16,Right Ankle,204.36601638793945,903.7442994117737,0.64598548412323
17,Nose,363.90875816345215,-72.79162287712097,0.9999834895133972
17,Left Eye,379.50167655944824,-75.45911192893982,0.9999667406082153
17,Right Eye,391.0608100891113,-73.74479413032532,0.9999610185623169
17,Left Ear,402.51211166381836,-71.92776918411255,0.9999491572380066
17,Right Ear,349.97262954711914,-112.30174452066422,0.9999610185623169
17,Left Shoulder,472.40979194641113,134.5467495918274,0.9999834895133972
17,Right Shoulder,149.1882848739624,103.5911500453949,0.9999744296073914
17,Left Elbow,550.6487274169922,324.5091712474823,0.9927868843078613
17,Right Elbow,54.029996395111084,319.580579996109,0.9976521134376526
17,Left Wrist,628.96728515625,484.4001245498657,0.9922177195549011
17,Right Wrist,153.10320854187012,461.2189829349518,0.9907227754592896
17,Left Hip,382.92088508605957,477.95072078704834,0.9997433423995972
17,Right Hip,194.0582513809204,486.60609126091003,0.9995384812355042
17,Left Knee,611.5131568908691,579.1167140007019,0.7492961883544922
17,Right Knee,175.07161617279053,539.2375338077545,0.8913983106613159
17,Left Ankle,479.7352695465088,894.3291020393372,0.5285090208053589
17,Right Ankle,203.26582431793213,903.6875867843628,0.6515717506408691
18,Nose,363.9282703399658,-74.15444791316986,0.9999836087226868
18,Left Eye,379.8086929321289,-81.47311270236969,0.9999673366546631
18,Right Eye,391.5003776550293,-79.71555233001709,0.9999619722366333
18,Left Ear,405.6935977935791,-80.2734249830246,0.9999502897262573
18,Right Ear,349.8969554901123,-113.09656620025635,0.9999618530273438
18,Left Shoulder,473.02136421203613,134.73265081644058,0.9999827742576599
18,Right Shoulder,149.02447700500488,103.61528187990189,0.9999740123748779
18,Left Elbow,550.836181640625,324.83840703964233,0.9924432635307312
18,Right Elbow,53.92880201339722,319.71145033836365,0.9976935386657715
18,Left Wrist,629.4006156921387,484.44241762161255,0.992261528968811
18,Right Wrist,153.09584140777588,461.08193278312683,0.9911000728607178
18,Left Hip,383.3239459991455,478.79252672195435,0.9997376799583435
18,Right Hip,194.18435096740723,488.8603377342224,0.999535083770752
18,Left Knee,611.7853546142578,580.0521183013916,0.7493991851806641
18,Right Knee,176.76429748535156,542.6562237739563,0.8938625454902649
18,Left Ankle,479.9263000488281,897.9319953918457,0.521240234375
18,Right Ankle,202.94889450073242,912.0683097839355,0.649780809879303
19,Nose,364.4106388092041,-76.74357086420059,0.9999841451644897
19,Left Eye,380.2023410797119,-84.63650733232498,0.9999685883522034
19,Right Eye,392.0135021209717,-82.78404504060745,0.9999635815620422
19,Left Ear,408.70299339294434,-86.03287875652313,0.9999523162841797
19,Right Ear,350.1028347015381,-114.92793023586273,0.9999634623527527
19,Left Shoulder,473.27948570251465,134.95505154132843,0.9999821782112122
19,Right Shoulder,148.40323448181152,104.02621507644653,0.999974250793457
19,Left Elbow,550.8462524414062,324.73029255867004,0.9919682741165161
19,Right Elbow,53.654083013534546,319.7783660888672,0.9977514147758484
19,Left Wrist,629.4330024719238,484.16983008384705,0.9922200441360474
19,Right Wrist,153.34736824035645,461.46289229393005,0.9914949536323547
19,Left Hip,383.87929916381836,480.94966650009155,0.9997374415397644
19,Right Hip,194.2353057861328,492.933669090271,0.9995386004447937
19,Left Knee,612.282829284668,579.8250102996826,0.7552635669708252
19,Right Knee,187.8383731842041,547.5434875488281,0.8984481692314148
19,Left Ankle,480.42383193969727,897.5664854049683,0.5224272608757019
19,Right Ankle,207.14059352874756,911.2857270240784,0.6562546491622925
20,Nose,364.9962329864502,-78.30256462097168,0.9999845027923584
20,Left Eye,381.28881454467773,-86.80731028318405,0.9999694228172302
20,Right Eye,393.1087875366211,-84.94438737630844,0.9999647736549377
20,Left Ear,410.2947807312012,-89.04480367898941,0.9999536871910095
20,Right Ear,350.3291702270508,-116.35279476642609,0.9999646544456482
20,Left Shoulder,473.6759662628174,135.14611065387726,0.9999816417694092
20,Right Shoulder,148.39663982391357,104.00435239076614,0.9999747276306152
20,Left Elbow,551.2047386169434,324.83792424201965,0.9915403127670288
20,Right Elbow,52.816418409347534,319.98326539993286,0.9978289604187012
20,Left Wrist,629.3979835510254,484.1475248336792,0.9921852350234985
20,Right Wrist,153.34540843963623,461.8787097930908,0.9919307231903076
20,Left Hip,384.4701290130615,482.76785016059875,0.9997377395629883
20,Right Hip,194.751877784729,494.956591129303,0.9995478391647339
20,Left Knee,612.2686958312988,580.9122705459595,0.7622599601745605
20,Right Knee,187.31112957000732,557.3338508605957,0.9027966856956482
20,Left Ankle,480.49015045166016,895.4114699363708,0.5250580310821533
20,Right Ankle,208.62369060516357,911.6767287254333,0.6617308855056763
21,Nose,365.0215816497803,-78.1232938170433,0.9999845027923584
21,Left Eye,381.8031978607178,-85.66612154245377,0.999969482421875
21,Right Eye,393.5556221008301,-83.68281304836273,0.9999650120735168
21,Left Ear,409.8892021179199,-87.63239532709122,0.9999539256095886
21,Right Ear,350.6422233581543,-116.3296365737915,0.9999650120735168
21,Left Shoulder,473.7056636810303,135.13146579265594,0.999981164932251
21,Right Shoulder,148.39306354522705,104.01642233133316,0.9999749064445496
21,Left Elbow,551.4123344421387,324.74403619766235,0.9913025498390198
21,Right Elbow,52.207521200180054,320.39332151412964,0.9978882670402527
21,Left Wrist,629.4043922424316,484.1401219367981,0.9922779202461243
21,Right Wrist,153.2975435256958,462.0616900920868,0.9923290014266968
21,Left Hip,385.4904270172119,483.76495599746704,0.9997283816337585
21,Right Hip,195.0121307373047,496.54711961746216,0.999545156955719
21,Left Knee,612.2453498840332,583.6241769790649,0.7658129930496216
21,Right Knee,187.04044818878174,562.9631423950195,0.9049269556999207
21,Left Ankle,480.6387519836426,894.43190574646,0.5249864459037781
21,Right Ankle,196.1479139328003,918.7616229057312,0.666300892829895
22,Nose,365.002498626709,-79.6566590666771,0.9999849200248718
22,Left Eye,382.59973526000977,-87.73958444595337,0.9999704957008362
22,Right Eye,394.3977355957031,-85.76355010271072,0.9999662041664124
22,Left Ear,409.6822929382324,-87.05763280391693,0.9999555349349976
22,Right Ear,350.6494617462158,-116.47808879613876,0.9999663233757019
22,Left Shoulder,473.7966728210449,135.07613718509674,0.9999809861183167
22,Right Shoulder,148.35675716400146,104.00152802467346,0.9999750852584839
22,Left Elbow,551.4282417297363,324.7290050983429,0.9910171627998352
22,Right Elbow,50.96622705459595,320.78895807266235,0.9979354739189148
22,Left Wrist,629.4279098510742,484.1493272781372,0.9922888875007629
22,Right Wrist,153.2944679260254,462.15715527534485,0.9926359057426453
22,Left Hip,385.651159286499,485.14726996421814,0.9997250437736511
22,Right Hip,194.96975898742676,497.40604877471924,0.999545693397522
22,Left Knee,612.3277473449707,584.323525428772,0.7634414434432983
22,Right Knee,179.92937564849854,561.6843724250793,0.904829204082489
22,Left Ankle,480.72704315185547,894.3937969207764,0.5183295011520386
22,Right Ankle,181.98678016662598,920.3564643859863,0.6637160181999207
23,Nose,364.9878787994385,-79.33679759502411,0.9999858140945435
23,Left Eye,383.0173587799072,-88.04035127162933,0.9999723434448242
23,Right Eye,394.93271827697754,-86.01913511753082,0.9999683499336243
23,Left Ear,409.5726013183594,-86.17676049470901,0.9999584555625916
23,Right Ear,350.63032150268555,-116.31651252508163,0.9999685287475586
23,Left Shoulder,473.79469871520996,135.07599234580994,0.9999812245368958
23,Right Shoulder,148.26672077178955,104.01433825492859,0.9999756217002869
23,Left Elbow,551.6281700134277,324.67934131622314,0.990882158279419
23,Right Elbow,50.96961736679077,321.146582365036,0.9979562163352966
23,Left Wrist,629.5546531677246,484.15850043296814,0.9923691749572754
23,Right Wrist,153.3376979827881,462.3185706138611,0.9928600788116455
23,Left Hip,385.642147064209,485.6402063369751,0.9997307062149048
23,Right Hip,194.6452760696411,497.83297061920166,0.9995545744895935
23,Left Knee,612.5188064575195,584.1210722923279,0.7721172571182251
23,Right Knee,180.9764528274536,557.5916004180908,0.9094139933586121
23,Left Ankle,483.8570022583008,893.942220211029,0.527148425579071
23,Right Ankle,183.7438201904297,915.0361633300781,0.6748850345611572
24,Nose,364.9888801574707,-78.94552230834961,0.9999862313270569
24,Left Eye,383.90976905822754,-94.9313136935234,0.9999731183052063
24,Right Eye,395.14214515686035,-85.39319604635239,0.9999693036079407
24,Left Ear,409.42028045654297,-85.43796747922897,0.9999595880508423
24,Right Ear,350.6505489349365,-116.19045406579971,0.9999695420265198
24,Left Shoulder,473.80322456359863,135.08032143115997,0.9999812841415405
24,Right Shoulder,147.9888153076172,104.02326196432114,0.9999762177467346
24,Left Elbow,551.9084358215332,324.6657907962799,0.9908329248428345
24,Right Elbow,50.97427010536194,321.47250294685364,0.9980113506317139
24,Left Wrist,629.5613479614258,484.11720514297485,0.9924668073654175
24,Right Wrist,153.4591770172119,462.50837445259094,0.993166446685791
24,Left Hip,385.64040184020996,485.93130111694336,0.9997318387031555
24,Right Hip,194.6394395828247,498.19706439971924,0.9995608329772949
24,Left Knee,612.5070190429688,583.9609122276306,0.7779584527015686
24,Right Knee,182.84963607788086,557.2063279151917,0.9128503203392029
24,Left Ankle,485.76948165893555,893.4029030799866,0.5309677720069885
24,Right Ankle,184.53808307647705,914.4329881668091,0.6813000440597534
25,Nose,365.1665782928467,-78.18917959928513,0.9999866485595703
25,Left Eye,384.93032455444336,-96.20568215847015,0.999973714351654
25,Right Eye,396.03790283203125,-85.31228721141815,0.9999701380729675
25,Left Ear,409.716739654541,-84.86554652452469,0.9999604821205139
25,Right Ear,350.82398414611816,-115.6023582816124,0.9999704360961914
25,Left Shoulder,473.76437187194824,135.01306772232056,0.9999814629554749
25,Right Shoulder,147.97492504119873,103.9146164059639,0.9999768733978271
25,Left Elbow,551.9328689575195,324.6246564388275,0.9909194707870483
25,Right Elbow,50.85839867591858,322.2342610359192,0.9980801939964294
25,Left Wrist,629.5701026916504,483.9935767650604,0.9926097989082336
25,Right Wrist,153.66554260253906,462.92612314224243,0.9934799671173096
25,Left Hip,385.2443218231201,485.93432664871216,0.9997268319129944
25,Right Hip,194.57337856292725,498.1818401813507,0.9995610117912292
25,Left Knee,612.5402069091797,584.1179180145264,0.7833535075187683
25,Right Knee,182.78842449188232,560.5456137657166,0.9156951904296875
25,Left Ankle,487.03330993652344,893.3291959762573,0.5344589352607727
25,Right Ankle,185.63791751861572,917.0404815673828,0.6857272386550903
26,Nose,365.4690456390381,-77.92228907346725,0.9999871253967285
26,Left Eye,386.24253273010254,-97.48359113931656,0.9999746084213257
26,Right Eye,396.88462257385254,-85.02206146717072,0.9999712705612183
26,Left Ear,411.6272449493408,-84.43319320678711,0.999961793422699
26,Right Ear,351.12613677978516,-115.43947041034698,0.9999716281890869
26,Left Shoulder,473.8553237915039,135.18613457679749,0.9999812841415405
26,Right Shoulder,147.90993690490723,103.92226070165634,0.9999773502349854
26,Left Elbow,551.9761848449707,324.6942114830017,0.9908437728881836
26,Right Elbow,50.861395597457886,322.5817143917084,0.9981343746185303
26,Left Wrist,629.5762252807617,483.9159429073334,0.9926472306251526
26,Right Wrist,154.43635940551758,463.12081933021545,0.9937527179718018
26,Left Hip,384.82266426086426,487.31908679008484,0.9997256398200989
26,Right Hip,194.09995079040527,499.8627805709839,0.9995618462562561
26,Left Knee,612.4981498718262,584.296875,0.7917966842651367
26,Right Knee,184.51050281524658,560.2021193504333,0.9197549223899841
26,Left Ankle,487.316951751709,892.9206848144531,0.5444324016571045
26,Right Ankle,186.43115043640137,916.3608956336975,0.6952329874038696
27,Nose,366.16573333740234,-77.03046530485153,0.9999874830245972
27,Left Eye,386.5056896209717,-91.32403492927551,0.999975323677063
27,Right Eye,397.3241901397705,-84.31407898664474,0.9999721646308899
27,Left Ear,411.81690216064453,-84.09476816654205,0.9999629259109497
27,Right Ear,351.82671546936035,-115.25377839803696,0.9999725818634033
27,Left Shoulder,473.83790016174316,135.03785133361816,0.9999814033508301
27,Right Shoulder,147.90482997894287,103.93001765012741,0.9999776482582092
27,Left Elbow,551.9853401184082,324.7277498245239,0.9908586144447327
27,Right Elbow,50.747008323669434,322.7960443496704,0.9981747269630432
27,Left Wrist,629.7909164428711,483.93200397491455,0.9927367568016052
27,Right Wrist,154.94354724884033,463.2796275615692,0.9939178228378296
27,Left Hip,386.066837310791,487.83992886543274,0.9997210502624512
27,Right Hip,195.0355625152588,500.9097754955292,0.9995623826980591
27,Left Knee,612.4371528625488,585.7957363128662,0.7982792854309082
27,Right Knee,184.2987585067749,560.7164597511292,0.9225640296936035
27,Left Ankle,487.0572280883789,892.4825620651245,0.5498058795928955
27,Right Ankle,186.83624267578125,915.9171724319458,0.7023512721061707
28,Nose,366.5104579925537,-82.17773169279099,0.9999880790710449
28,Left Eye,386.97535514831543,-103.12134772539139,0.999976396560669
28,Right Eye,398.3828830718994,-95.8064728975296,0.9999734163284302
28,Left Ear,412.10506439208984,-89.58770155906677,0.9999644756317139
28,Right Ear,352.4847221374512,-119.36587035655975,0.9999738335609436
28,Left Shoulder,473.83692741394043,134.52973902225494,0.9999818205833435
28,Right Shoulder,147.88174152374268,103.90646517276764,0.9999781847000122
28,Left Elbow,551.8408584594727,324.69643235206604,0.9909486174583435
28,Right Elbow,49.450435638427734,323.4281873703003,0.9982293248176575
28,Left Wrist,629.8685646057129,483.93335580825806,0.9928755760192871
28,Right Wrist,154.95420455932617,463.7513208389282,0.9941263198852539
28,Left Hip,386.7227554321289,487.77310967445374,0.9997226595878601
28,Right Hip,195.98987102508545,500.98451256752014,0.999565064907074
28,Left Knee,612.429027557373,586.2238168716431,0.801868200302124
28,Right Knee,184.61837768554688,562.2586441040039,0.9238489270210266
28,Left Ankle,487.48180389404297,892.4201202392578,0.550178050994873
28,Right Ankle,189.0697431564331,917.749936580658,0.7036928534507751
29,Nose,366.88233375549316,-87.83797860145569,0.9999884366989136
29,Left Eye,387.244176864624,-112.06444948911667,0.9999769926071167
29,Right Eye,398.99425506591797,-104.25892353057861,0.999974250793457
29,Left Ear,412.25232124328613,-96.18653923273087,0.9999653100967407
29,Right Ear,352.864465713501,-124.39993679523468,0.9999744892120361
29,Left Shoulder,473.8454818725586,134.27215844392776,0.9999819993972778
29,Right Shoulder,147.78283596038818,103.77771109342575,0.9999784231185913
29,Left Elbow,551.8633460998535,324.7929275035858,0.9909384250640869
29,Right Elbow,49.22508001327515,323.64580035209656,0.9982793927192688
29,Left Wrist,629.879322052002,483.7619626522064,0.9929627180099487
29,Right Wrist,155.01387119293213,464.18461561203003,0.9943335056304932
29,Left Hip,387.143497467041,487.71156907081604,0.9997270703315735
29,Right Hip,196.28710269927979,501.1612808704376,0.9995689988136292
29,Left Knee,612.465763092041,586.395628452301,0.8062933683395386
29,Right Knee,185.94449043273926,569.194643497467,0.9253141283988953
29,Left Ankle,487.38258361816406,892.8816747665405,0.55241858959198
29,Right Ankle,194.7935914993286,920.9434175491333,0.7051262259483337
30,Nose,366.5697956085205,-93.50265115499496,0.9999886751174927
30,Left Eye,386.2331771850586,-120.10526686906815,0.9999774694442749
30,Right Eye,398.17760467529297,-114.07352328300476,0.9999748468399048
30,Left Ear,411.00245475769043,-107.04486697912216,0.9999660849571228
30,Right Ear,352.7588367462158,-130.57386428117752,0.9999750852584839
30,Left Shoulder,473.8498592376709,134.0677660703659,0.9999819397926331
30,Right Shoulder,147.6948595046997,103.77909511327744,0.9999786019325256
30,Left Elbow,551.8675804138184,324.80087757110596,0.9908314943313599
30,Right Elbow,49.187432527542114,324.38615441322327,0.9983271360397339
30,Left Wrist,629.8851585388184,483.6904442310333,0.9929401278495789
30,Right Wrist,155.5176830291748,464.35240387916565,0.9945045709609985
30,Left Hip,387.8207302093506,487.6661217212677,0.9997296333312988
30,Right Hip,197.00692176818848,501.48144006729126,0.9995719194412231
30,Left Knee,612.9662704467773,588.2339930534363,0.8106266260147095
30,Right Knee,191.4779806137085,579.6246814727783,0.9268091320991516
30,Left Ankle,486.9426727294922,892.8523850440979,0.5537823438644409
30,Right Ankle,200.00030994415283,922.6669406890869,0.7064962387084961
31,Nose,366.57923698425293,-92.14005947113037,0.9999890327453613
31,Left Eye,386.222562789917,-116.71959221363068,0.9999781250953674
31,Right Eye,398.18029403686523,-110.3292989730835,0.9999755620956421
31,Left Ear,410.9770202636719,-104.22639101743698,0.9999670386314392
31,Right Ear,352.87110328674316,-129.45591419935226,0.999975860118866
31,Left Shoulder,473.84267807006836,134.0388062596321,0.9999821186065674
31,Right Shoulder,147.6298999786377,103.838270008564,0.9999788403511047
31,Left Elbow,551.7392921447754,324.7943437099457,0.9908289313316345
31,Right Elbow,49.18377757072449,325.60537934303284,0.998383641242981
31,Left Wrist,629.7776412963867,483.5338890552521,0.992977499961853
31,Right Wrist,156.24720096588135,464.48198676109314,0.9946998357772827
31,Left Hip,388.5509777069092,487.58942127227783,0.9997292160987854
31,Right Hip,198.4119987487793,501.55057668685913,0.9995677471160889
31,Left Knee,613.535270690918,589.4980216026306,0.8140872120857239
31,Right Knee,195.27073860168457,581.6557788848877,0.9277103543281555
31,Left Ankle,485.9817123413086,892.8781986236572,0.5532388091087341
31,Right Ankle,199.37933921813965,923.144588470459,0.7065293192863464
32,Nose,366.5061378479004,-95.10737389326096,0.99998939037323
32,Left Eye,385.7963562011719,-118.8665047287941,0.9999787211418152
32,Right Eye,397.6765823364258,-113.10749351978302,0.9999763369560242
32,Left Ear,410.1170253753662,-106.96389377117157,0.9999680519104004
32,Right Ear,352.88249015808105,-129.99665558338165,0.9999765753746033
32,Left Shoulder,473.9385509490967,133.64602625370026,0.9999818801879883
32,Right Shoulder,147.6427173614502,103.72588276863098,0.9999787211418152
32,Left Elbow,551.5699195861816,324.77580428123474,0.9906730055809021
32,Right Elbow,49.045772552490234,326.09052658081055,0.9984075427055359
32,Left Wrist,629.644660949707,483.24427485466003,0.9928992390632629
32,Right Wrist,156.7713975906372,464.49029088020325,0.9947963953018188
32,Left Hip,388.86531829833984,487.56689071655273,0.9997307062149048
32,Right Hip,199.14151668548584,501.49569869041443,0.9995659589767456
32,Left Knee,614.3195343017578,589.9055671691895,0.8171454071998596
32,Right Knee,198.00998210906982,579.7749280929565,0.9288953542709351
32,Left Ankle,485.1797103881836,892.9360055923462,0.5546039938926697
32,Right Ankle,197.9207468032837,923.3955788612366,0.709804356098175
33,Nose,366.5119743347168,-94.73986834287643,0.9999897480010986
33,Left Eye,385.7981300354004,-117.6167830824852,0.9999794363975525
33,Right Eye,397.74953842163086,-111.54947340488434,0.9999772310256958
33,Left Ear,410.1310729980469,-105.55608004331589,0.9999692440032959
33,Right Ear,352.82604217529297,-129.5384967327118,0.9999774694442749
33,Left Shoulder,474.0258979797363,133.63665997982025,0.9999820590019226
33,Right Shoulder,147.38449573516846,103.79811733961105,0.9999788403511047
33,Left Elbow,551.6205024719238,324.78304624557495,0.9907734990119934
33,Right Elbow,49.0495240688324,326.6454541683197,0.9984419345855713
33,Left Wrist,629.6166229248047,483.23941469192505,0.9930024743080139
33,Right Wrist,157.0896577835083,464.56786036491394,0.9949271082878113
33,Left Hip,389.10776138305664,487.61494517326355,0.9997332692146301
33,Right Hip,199.44970607757568,501.58714056015015,0.9995626211166382
33,Left Knee,614.8770904541016,589.8387479782104,0.8238825798034668
33,Right Knee,201.71536445617676,578.6549019813538,0.9318104386329651
33,Left Ankle,484.90224838256836,893.4192538261414,0.5625321865081787
33,Right Ankle,197.49977588653564,923.1205129623413,0.7182414531707764
34,Nose,366.7784786224365,-84.09332782030106,0.9999894499778748
34,Left Eye,385.58916091918945,-92.42797583341599,0.9999788403511047
34,Right Eye,397.37823486328125,-90.58303713798523,0.999976634979248
34,Left Ear,410.08172035217285,-92.68740713596344,0.9999684691429138
34,Right Ear,352.8582286834717,-118.99023771286011,0.9999769330024719
34,Left Shoulder,473.984956741333,133.8541603088379,0.9999819993972778
34,Right Shoulder,147.29345798492432,103.91673266887665,0.9999790191650391
34,Left Elbow,551.619758605957,324.4250679016113,0.9909399747848511
34,Right Elbow,49.17918920516968,326.6334807872772,0.9984785914421082
34,Left Wrist,629.5160865783691,483.23655009269714,0.9930987358093262
34,Right Wrist,157.11120128631592,464.5700168609619,0.9950931668281555
34,Left Hip,389.1057872772217,487.56730914115906,0.9997276663780212
34,Right Hip,199.41155433654785,501.56641244888306,0.9995561242103577
34,Left Knee,615.1510620117188,589.8063683509827,0.8294491767883301
34,Right Knee,200.10871410369873,577.6368427276611,0.9339072704315186
34,Left Ankle,484.53094482421875,894.5303964614868,0.5691351890563965
34,Right Ankle,196.36698246002197,925.3194308280945,0.7242772579193115
35,Nose,365.6282329559326,-84.10804510116577,0.9999896883964539
35,Left Eye,385.4145812988281,-96.05705291032791,0.9999793767929077
35,Right Eye,397.34450340270996,-91.0116246342659,0.9999772310256958
35,Left Ear,410.07411003112793,-92.7016818523407,0.9999692440032959
35,Right Ear,351.45395278930664,-119.01704907417297,0.9999775886535645
35,Left Shoulder,473.99065017700195,133.68167281150818,0.9999819397926331
35,Right Shoulder,147.06769466400146,103.725166618824,0.9999792575836182
35,Left Elbow,551.6461944580078,324.3280899524689,0.9910416007041931
35,Right Elbow,49.20691967010498,326.64265394210815,0.9985165596008301
35,Left Wrist,629.4573783874512,483.22386860847473,0.9931849241256714
35,Right Wrist,157.11745262145996,464.4809889793396,0.9952664971351624
35,Left Hip,389.1005229949951,487.3921501636505,0.9997266530990601
35,Right Hip,198.88247966766357,501.5135622024536,0.9995560050010681
35,Left Knee,615.2168083190918,589.9585461616516,0.834665060043335
35,Right Knee,197.47019290924072,576.9338893890381,0.93622887134552
35,Left Ankle,483.9725875854492,895.3381490707397,0.5755930542945862
35,Right Ankle,194.2728567123413,927.5636672973633,0.7314956784248352
36,Nose,365.37763595581055,-83.91798377037048,0.9999897480010986
36,Left Eye,385.29613494873047,-97.35212534666061,0.9999794363975525
36,Right Eye,397.3271656036377,-90.41501551866531,0.9999773502349854
36,Left Ear,410.06564140319824,-92.28459298610687,0.9999693036079407
36,Right Ear,350.8395767211914,-118.69710713624954,0.999977707862854
36,Left Shoulder,473.97165298461914,133.63798767328262,0.9999819993972778
36,Right Shoulder,147.04487800598145,103.36300402879715,0.9999794363975525
36,Left Elbow,551.6852188110352,324.27569031715393,0.9912156462669373
36,Right Elbow,49.16889667510986,326.6117548942566,0.9985573887825012
36,Left Wrist,629.3015098571777,482.8332531452179,0.9933384656906128
36,Right Wrist,157.13181495666504,464.35031175613403,0.9954400062561035
36,Left Hip,388.99715423583984,487.2597348690033,0.9997248649597168
36,Right Hip,198.60825061798096,501.1448335647583,0.9995545744895935
36,Left Knee,615.362377166748,590.370147228241,0.8394266963005066
36,Right Knee,195.30492782592773,577.1609330177307,0.9381747841835022
36,Left Ankle,483.82713317871094,896.0349225997925,0.5822466611862183
36,Right Ankle,193.6507272720337,929.2967176437378,0.7370836138725281
37,Nose,365.8287048339844,-81.23984903097153,0.9999900460243225
37,Left Eye,386.3961410522461,-97.88815140724182,0.9999800324440002
37,Right Eye,399.2134666442871,-90.68634778261185,0.9999780654907227
37,Left Ear,411.69568061828613,-89.80368912220001,0.9999701976776123
37,Right Ear,350.86798667907715,-117.0099225640297,0.9999783635139465
37,Left Shoulder,473.994140625,133.79153341054916,0.9999820590019226
37,Right Shoulder,146.8518877029419,103.43070030212402,0.9999796748161316
37,Left Elbow,551.6582679748535,324.25447940826416,0.9912384152412415
37,Right Elbow,49.108872413635254,326.61027431488037,0.9985961318016052
37,Left Wrist,629.2532730102539,482.7048933506012,0.993420422077179
37,Right Wrist,157.3181676864624,464.3556547164917,0.9955993890762329
37,Left Hip,388.56350898742676,487.4465775489807,0.9997232556343079
37,Right Hip,197.57821083068848,501.2311255931854,0.999549388885498
37,Left Knee,615.4098129272461,590.3512859344482,0.8430867195129395
37,Right Knee,195.3559970855713,576.7936849594116,0.940012514591217
37,Left Ankle,483.75022888183594,896.315975189209,0.5868884325027466
37,Right Ankle,193.65946769714355,930.0139617919922,0.7419403195381165
38,Nose,365.84753036499023,-78.98563474416733,0.9999900460243225
38,Left Eye,386.402006149292,-93.86093527078629,0.999980092048645
38,Right Eye,399.7658443450928,-90.89130342006683,0.999978244304657
38,Left Ear,412.2487735748291,-88.3466300368309,0.9999702572822571
38,Right Ear,350.71057319641113,-115.77521592378616,0.9999784231185913
38,Left Shoulder,474.01041984558105,133.80383670330048,0.9999819397926331
38,Right Shoulder,146.75607204437256,103.43133598566055,0.9999796152114868
38,Left Elbow,551.6864204406738,324.255895614624,0.9913163185119629
38,Right Elbow,48.90132665634155,326.6135573387146,0.9986308217048645
38,Left Wrist,629.1727638244629,482.3905920982361,0.9935393333435059
38,Right Wrist,157.28529453277588,464.3777668476105,0.9957536458969116
38,Left Hip,388.24610710144043,487.52813816070557,0.9997214078903198
38,Right Hip,196.8812656402588,501.2113630771637,0.9995478987693787
38,Left Knee,615.4792213439941,588.6736607551575,0.8468813896179199
38,Right Knee,191.12215518951416,576.5344548225403,0.9416367411613464
38,Left Ankle,483.7594413757324,896.3056755065918,0.5924725532531738
38,Right Ankle,193.51472854614258,929.7741079330444,0.7465272545814514
39,Nose,365.8827209472656,-78.10096442699432,0.9999897480010986
39,Left Eye,386.3916492462158,-90.32279312610626,0.9999793767929077
39,Right Eye,399.62459564208984,-88.28880697488785,0.999977707862854
39,Left Ear,412.00326919555664,-86.03466510772705,0.9999691247940063
39,Right Ear,350.7045078277588,-115.51337867975235,0.9999775290489197
39,Left Shoulder,474.0483283996582,133.94125699996948,0.9999818801879883
39,Right Shoulder,146.52972221374512,103.45862209796906,0.9999793767929077
39,Left Elbow,551.9179916381836,324.24166917800903,0.991533637046814
39,Right Elbow,49.14714574813843,326.66985154151917,0.9986535906791687
39,Left Wrist,629.1473579406738,482.03068256378174,0.9937522411346436
39,Right Wrist,157.28764057159424,464.4123673439026,0.995875358581543
39,Left Hip,388.18227767944336,487.56083965301514,0.9997189044952393
39,Right Hip,196.72406673431396,501.20344519615173,0.9995425343513489
39,Left Knee,615.6791496276855,588.1767010688782,0.8502272963523865
39,Right Knee,190.66595077514648,576.0523009300232,0.9429172277450562
39,Left Ankle,483.75452041625977,896.5650987625122,0.5976188778877258
39,Right Ankle,192.6934003829956,929.5768046379089,0.7505617737770081
40,Nose,365.0577449798584,-75.68427264690399,0.9999897480010986
40,Left Eye,385.5380344390869,-92.11826920509338,0.9999794363975525
40,Right Eye,398.0899429321289,-84.59206581115723,0.9999778866767883
40,Left Ear,410.29003143310547,-82.5705760717392,0.9999692440032959
40,Right Ear,349.6607494354248,-114.84095424413681,0.9999775886535645
40,Left Shoulder,474.0516185760498,134.07340675592422,0.9999819993972778
40,Right Shoulder,146.284818649292,103.6404436826706,0.9999794960021973
40,Left Elbow,552.0093154907227,324.14742708206177,0.9917059540748596
40,Right Elbow,49.31155443191528,326.7050313949585,0.9986755847930908
40,Left Wrist,629.1272735595703,481.70501947402954,0.9939106106758118
40,Right Wrist,157.2760534286499,464.41185235977173,0.9960020780563354
40,Left Hip,388.1800174713135,487.5222158432007,0.9997199177742004
40,Right Hip,196.67678833007812,501.00688219070435,0.9995483756065369
40,Left Knee,616.2186813354492,588.1612515449524,0.8537203669548035
40,Right Knee,187.57407188415527,574.0523600578308,0.9444376826286316
40,Left Ankle,483.7746047973633,896.5736603736877,0.6026884913444519
40,Right Ankle,192.56831645965576,929.2979407310486,0.7557184100151062
41,Nose,364.57119941711426,-75.01376330852509,0.9999898672103882
41,Left Eye,384.88829612731934,-93.79617601633072,0.9999796152114868
41,Right Eye,397.2264575958252,-82.25294351577759,0.9999781250953674
41,Left Ear,409.3462085723877,-80.21062105894089,0.9999694228172302
41,Right Ear,349.14896965026855,-114.64295089244843,0.9999778270721436
41,Left Shoulder,474.01302337646484,134.10531967878342,0.9999821782112122
41,Right Shoulder,146.1414098739624,103.67540627717972,0.9999796748161316
41,Left Elbow,552.0793533325195,323.96679639816284,0.9919145703315735
41,Right Elbow,49.39430594444275,326.7138183116913,0.9987031817436218
41,Left Wrist,629.0959739685059,481.64029240608215,0.994070827960968
41,Right Wrist,157.31350421905518,464.41256046295166,0.9961327314376831
41,Left Hip,388.1759548187256,487.2197914123535,0.9997201561927795
41,Right Hip,196.69787406921387,500.8004701137543,0.9995510578155518
41,Left Knee,616.3276863098145,588.144257068634,0.8568314909934998
41,Right Knee,187.42096424102783,574.001955986023,0.9458121061325073
41,Left Ankle,483.7751770019531,896.6277980804443,0.6071881651878357
41,Right Ankle,191.4420747756958,929.2604756355286,0.759743869304657
42,Nose,364.0274906158447,-74.23236340284348,0.9999898076057434
42,Left Eye,384.2164421081543,-94.6679636836052,0.9999794960021973
42,Right Eye,395.5887794494629,-80.88987708091736,0.9999780654907227
42,Left Ear,407.6117134094238,-78.83450299501419,0.9999692440032959
42,Right Ear,348.4230136871338,-114.2520135641098,0.999977707862854
42,Left Shoulder,474.01296615600586,134.36572462320328,0.9999822378158569
42,Right Shoulder,145.8001470565796,103.9735820889473,0.9999798536300659
42,Left Elbow,552.2709846496582,323.96132469177246,0.9920671582221985
42,Right Elbow,49.405120611190796,326.742045879364,0.9987227320671082
42,Left Wrist,629.0750885009766,481.5982246398926,0.9941875338554382
42,Right Wrist,157.3320436477661,464.3527579307556,0.9962392449378967
42,Left Hip,388.0311584472656,487.2013485431671,0.9997230768203735
42,Right Hip,196.51835918426514,500.56235432624817,0.9995602369308472
42,Left Knee,616.2345314025879,586.1721897125244,0.8592125773429871
42,Right Knee,184.79617595672607,572.162754535675,0.9469900131225586
42,Left Ankle,483.8975715637207,896.6778802871704,0.6106065511703491
42,Right Ankle,196.11205101013184,927.7916121482849,0.7623019814491272
43,Nose,363.04381370544434,-74.33212548494339,0.9999895691871643
43,Left Eye,383.50916862487793,-96.56013607978821,0.9999790191650391
43,Right Eye,394.0159606933594,-81.08343869447708,0.9999775290489197
43,Left Ear,405.9507465362549,-78.98760616779327,0.9999684691429138
43,Right Ear,347.85839080810547,-114.2742383480072,0.9999772310256958
43,Left Shoulder,473.9623546600342,134.4064164161682,0.9999819993972778
43,Right Shoulder,145.54334163665771,105.23462533950806,0.9999798536300659
43,Left Elbow,552.3958396911621,323.8974666595459,0.9921348690986633
43,Right Elbow,49.50673699378967,326.68935656547546,0.9987399578094482
43,Left Wrist,629.0592384338379,481.5903067588806,0.9942314624786377
43,Right Wrist,157.3518991470337,464.2547821998596,0.9963217973709106
43,Left Hip,388.0250358581543,487.1826481819153,0.9997262358665466
43,Right Hip,196.13611221313477,500.5415940284729,0.9995704293251038
43,Left Knee,615.9738349914551,585.9172081947327,0.8608047962188721
43,Right Knee,182.64651775360107,570.7926392555237,0.9476093053817749
43,Left Ankle,483.9664077758789,896.8524599075317,0.6131358742713928
43,Right Ankle,197.34540939331055,926.5025424957275,0.7640678882598877
44,Nose,362.32672691345215,-74.77119773626328,0.9999892711639404
44,Left Eye,382.43940353393555,-98.48686069250107,0.9999784231185913
44,Right Eye,392.18353271484375,-81.30186438560486,0.9999768733978271
44,Left Ear,404.0193843841553,-79.17201071977615,0.9999675750732422
44,Right Ear,347.37436294555664,-114.39115583896637,0.999976634979248
44,Left Shoulder,473.9048194885254,134.6986699104309,0.9999818205833435
44,Right Shoulder,145.27729511260986,106.25055223703384,0.9999797940254211
44,Left Elbow,552.6796531677246,323.91796946525574,0.992184042930603
44,Right Elbow,49.62953567504883,326.67937874794006,0.9987486600875854
44,Left Wrist,629.051628112793,481.55142545700073,0.9942842721939087
44,Right Wrist,157.34244346618652,464.1983914375305,0.9963841438293457
44,Left Hip,388.08491706848145,487.17135071754456,0.999728262424469
44,Right Hip,196.12200736999512,500.5245351791382,0.9995785355567932
44,Left Knee,615.4843139648438,585.4478001594543,0.8604364991188049
44,Right Knee,181.57838344573975,569.5873832702637,0.9476304650306702
44,Left Ankle,484.2692756652832,896.8401002883911,0.6122885346412659
44,Right Ankle,198.48514080047607,924.6195673942566,0.7636685967445374
45,Nose,360.9294319152832,-76.91365242004395,0.9999895095825195
45,Left Eye,381.82376861572266,-101.48959636688232,0.9999788403511047
45,Right Eye,392.21643447875977,-83.30834716558456,0.9999773502349854
45,Left Ear,404.43440437316895,-85.68162739276886,0.9999681115150452
45,Right Ear,345.9700870513916,-114.99378383159637,0.999977171421051
45,Left Shoulder,473.9213562011719,134.70422208309174,0.9999815225601196
45,Right Shoulder,144.82774257659912,106.34015947580338,0.9999798536300659
45,Left Elbow,552.8387832641602,323.9688563346863,0.9921282529830933
45,Right Elbow,49.34176683425903,326.9191038608551,0.9987531304359436
45,Left Wrist,629.0445899963379,481.53278946876526,0.994295060634613
45,Right Wrist,157.3402976989746,464.1597354412079,0.9964579343795776
45,Left Hip,387.9121685028076,487.19658493995667,0.9997307658195496
45,Right Hip,196.1138677597046,500.6248605251312,0.9995833039283752
45,Left Knee,615.4416847229004,582.7126550674438,0.860985517501831
45,Right Knee,183.32626819610596,562.7300477027893,0.9482036232948303
45,Left Ankle,484.7919273376465,896.4727878570557,0.6125496029853821
45,Right Ankle,200.6057596206665,920.7557058334351,0.7647563219070435
46,Nose,359.3438243865967,-57.411927580833435,0.9999876618385315
46,Left Eye,379.482479095459,-68.70148211717606,0.999974250793457
46,Right Eye,390.0465774536133,-64.97238948941231,0.9999727606773376
46,Left Ear,401.64459228515625,-64.50558453798294,0.9999614953994751
46,Right Ear,344.05717849731445,-102.93596148490906,0.9999725222587585
46,Left Shoulder,473.2880973815918,135.2468705177307,0.999981701374054
46,Right Shoulder,144.61585521697998,107.5666344165802,0.9999800324440002
46,Left Elbow,553.3649826049805,323.95984411239624,0.9923592805862427
46,Right Elbow,49.39716696739197,327.0055568218231,0.9987432956695557
46,Left Wrist,629.0650749206543,482.03264594078064,0.9943491816520691
46,Right Wrist,157.31812477111816,464.15780425071716,0.9964233636856079
46,Left Hip,388.3652973175049,485.98920464515686,0.9997234344482422
46,Right Hip,197.46266841888428,499.99664425849915,0.999581515789032
46,Left Knee,615.4186820983887,582.4361729621887,0.8619217872619629
46,Right Knee,183.37530612945557,562.9392600059509,0.9484274387359619
46,Left Ankle,484.8050308227539,896.4038443565369,0.6145414113998413
46,Right Ankle,208.59187602996826,917.5859141349792,0.7622886896133423
47,Nose,359.3342685699463,-49.34289067983627,0.9999862909317017
47,Left Eye,379.1715431213379,-55.10528549551964,0.9999709725379944
47,Right Eye,389.8451328277588,-53.961779326200485,0.9999696612358093
47,Left Ear,401.33442878723145,-52.546900659799576,0.9999569654464722
47,Right Ear,344.16712760925293,-95.64232170581818,0.9999688863754272
47,Left Shoulder,473.283634185791,136.37304425239563,0.9999820590019226
47,Right Shoulder,144.52454566955566,108.89576017856598,0.9999802112579346
47,Left Elbow,554.135627746582,323.9503812789917,0.9925957322120667
47,Right Elbow,49.63549733161926,327.0717966556549,0.9987406134605408
47,Left Wrist,629.2536735534668,482.3232579231262,0.9944157004356384
47,Right Wrist,157.31454849243164,464.19655680656433,0.9963647723197937
47,Left Hip,389.2056941986084,485.7380211353302,0.9997108578681946
47,Right Hip,198.55908393859863,500.1484680175781,0.9995675683021545
47,Left Knee,615.4180526733398,582.445056438446,0.8637701869010925
47,Right Knee,188.2167148590088,565.638678073883,0.9486914277076721
47,Left Ankle,484.64298248291016,896.4624881744385,0.6169976592063904
47,Right Ankle,211.4721393585205,919.4435906410217,0.7619097828865051
48,Nose,360.7669258117676,-51.43978536128998,0.9999856352806091
48,Left Eye,379.48662757873535,-59.24833282828331,0.9999693036079407
48,Right Eye,390.15870094299316,-56.89926490187645,0.9999680519104004
48,Left Ear,401.6407585144043,-56.871061474084854,0.9999546408653259
48,Right Ear,346.477632522583,-96.97495579719543,0.999967098236084
48,Left Shoulder,473.1927967071533,136.82444393634796,0.9999823570251465
48,Right Shoulder,144.6739912033081,108.81297647953033,0.9999803900718689
48,Left Elbow,554.549388885498,323.82665634155273,0.9927994012832642
48,Right Elbow,49.38098430633545,327.02927827835083,0.998759388923645
48,Left Wrist,629.4890213012695,482.42812156677246,0.9944977760314941
48,Right Wrist,157.60469913482666,464.2298698425293,0.9963696599006653
48,Left Hip,389.33115005493164,484.8475170135498,0.9997056126594543
48,Right Hip,200.17300128936768,499.83262181282043,0.999561071395874
48,Left Knee,614.9763679504395,582.7834010124207,0.8644160628318787
48,Right Knee,195.4713535308838,567.0086646080017,0.9489933252334595
48,Left Ankle,484.60424423217773,896.6532897949219,0.6185564398765564
48,Right Ankle,213.0554437637329,919.4804763793945,0.760182797908783
49,Nose,362.6850700378418,-52.29475557804108,0.9999852776527405
49,Left Eye,381.31808280944824,-69.57804143428802,0.9999684691429138
49,Right Eye,392.23219871520996,-66.52666389942169,0.9999672174453735
49,Left Ear,403.16760063171387,-58.8506805896759,0.9999534487724304
49,Right Ear,348.88318061828613,-97.2783699631691,0.9999663233757019
49,Left Shoulder,473.19299697875977,136.9654530286789,0.9999823570251465
49,Right Shoulder,144.7580051422119,108.61669510602951,0.9999803304672241
49,Left Elbow,554.8872756958008,323.70656847953796,0.9928827285766602
49,Right Elbow,49.213221073150635,327.0309841632843,0.9987773299217224
49,Left Wrist,629.7626495361328,482.60878443717957,0.9945245385169983
49,Right Wrist,157.6151418685913,464.5567560195923,0.9963983297348022
49,Left Hip,389.4368362426758,484.6300005912781,0.9997032880783081
49,Right Hip,200.86402416229248,499.82309460639954,0.9995580315589905
49,Left Knee,615.0304412841797,582.415509223938,0.8654434084892273
49,Right Knee,199.7858476638794,567.1148157119751,0.9492226839065552
49,Left Ankle,484.62987899780273,896.5160465240479,0.6191262602806091
49,Right Ankle,212.8364896774292,918.9465665817261,0.7581745982170105
50,Nose,364.26469802856445,-52.88879379630089,0.9999853372573853
50,Left Eye,383.8040542602539,-74.69587326049805,0.9999684691429138
50,Right Eye,395.4605197906494,-71.19373172521591,0.9999671578407288
50,Left Ear,406.44450187683105,-59.34660226106644,0.9999533295631409
50,Right Ear,350.08824348449707,-98.3894482254982,0.9999663233757019
50,Left Shoulder,473.2969093322754,137.07545042037964,0.9999826550483704
50,Right Shoulder,144.84522342681885,108.58529716730118,0.9999802112579346
50,Left Elbow,555.362606048584,323.68635535240173,0.9930470585823059
50,Right Elbow,49.21040654182434,327.1052384376526,0.9987899661064148
50,Left Wrist,630.0818824768066,482.96000361442566,0.9946240186691284
50,Right Wrist,157.61481285095215,464.6158182621002,0.9964198470115662
50,Left Hip,389.6367931365967,483.46224188804626,0.999701738357544
50,Right Hip,201.39028072357178,499.21859979629517,0.9995537400245667
50,Left Knee,615.0282669067383,582.6639246940613,0.8656597137451172
50,Right Knee,199.0843963623047,568.5465359687805,0.9490809440612793
50,Left Ankle,484.9334907531738,896.5134072303772,0.619288444519043
50,Right Ankle,210.90861797332764,920.1472520828247,0.7563267350196838
51,Nose,364.7775936126709,-57.848066836595535,0.9999858140945435
51,Left Eye,383.79283905029297,-74.26553964614868,0.9999693632125854
51,Right Eye,396.50330543518066,-79.62844759225845,0.9999679923057556
51,Left Ear,407.47941970825195,-66.75195336341858,0.9999545812606812
51,Right Ear,350.537166595459,-101.65241181850433,0.9999672770500183
51,Left Shoulder,473.3107280731201,137.08892047405243,0.9999831318855286
51,Right Shoulder,145.02911567687988,108.56435179710388,0.999980628490448
51,Left Elbow,555.7541656494141,323.64296793937683,0.9931974411010742
51,Right Elbow,49.16596055030823,326.9310450553894,0.9988127946853638
51,Left Wrist,630.4903221130371,483.16490292549133,0.9947215914726257
51,Right Wrist,157.52809524536133,464.62199807167053,0.9964797496795654
51,Left Hip,391.5173149108887,481.6508173942566,0.9997040629386902
51,Right Hip,203.13483238220215,497.91417717933655,0.9995585083961487
51,Left Knee,615.0009727478027,582.9118895530701,0.8659303188323975
51,Right Knee,198.1350803375244,568.277907371521,0.9490451812744141
51,Left Ankle,484.9687385559082,896.4670586585999,0.6195801496505737
51,Right Ankle,209.25500392913818,920.5379319190979,0.7554904222488403
52,Nose,365.17807960510254,-69.72317844629288,0.9999864101409912
52,Left Eye,384.6097469329834,-95.53820639848709,0.9999706745147705
52,Right Eye,397.22485542297363,-92.79572278261185,0.9999693632125854
52,Left Ear,408.1434917449951,-82.20343261957169,0.9999564290046692
52,Right Ear,350.53842544555664,-113.22791129350662,0.9999686479568481
52,Left Shoulder,473.40107917785645,136.95912837982178,0.9999836087226868
52,Right Shoulder,144.9404811859131,108.55047136545181,0.9999808669090271
52,Left Elbow,556.3689994812012,323.6357581615448,0.9933130145072937
52,Right Elbow,48.99757146835327,326.9547665119171,0.9988359212875366
52,Left Wrist,630.7311630249023,483.28779101371765,0.9947918653488159
52,Right Wrist,157.58169651031494,464.69879508018494,0.9965387582778931
52,Left Hip,391.602201461792,481.50301694869995,0.999713659286499
52,Right Hip,203.0908441543579,497.8793513774872,0.9995688796043396
52,Left Knee,614.7163581848145,582.9259872436523,0.8647083044052124
52,Right Knee,197.79820919036865,569.6520137786865,0.9486114978790283
52,Left Ankle,484.9928283691406,896.2834024429321,0.6178156137466431
52,Right Ankle,209.1884422302246,920.558660030365,0.7537664175033569
53,Nose,364.39905166625977,-70.3240442276001,0.9999867677688599
53,Left Eye,384.18073654174805,-100.63005566596985,0.9999713897705078
53,Right Eye,396.8983268737793,-95.58408826589584,0.9999701976776123
53,Left Ear,408.0000114440918,-86.37057155370712,0.9999575018882751
53,Right Ear,349.25371170043945,-114.90372598171234,0.9999691247940063
53,Left Shoulder,473.670072555542,136.91908836364746,0.9999839067459106
53,Right Shoulder,144.93993759155273,108.55827659368515,0.9999803304672241
53,Left Elbow,556.7847633361816,323.62162828445435,0.9934563040733337
53,Right Elbow,48.7840211391449,326.9547665119171,0.9988426566123962
53,Left Wrist,630.9954071044922,483.3612084388733,0.9948699474334717
53,Right Wrist,157.63479709625244,464.9233603477478,0.9965190887451172
53,Left Hip,391.58145904541016,481.43346190452576,0.9997203946113586
53,Right Hip,202.99691677093506,497.8370261192322,0.9995683431625366
53,Left Knee,614.5816612243652,582.9378318786621,0.8613342642784119
53,Right Knee,200.39511680603027,572.1066856384277,0.9472021460533142
53,Left Ankle,485.0122833251953,896.1621236801147,0.6119072437286377
53,Right Ankle,203.04538249969482,920.634491443634,0.7484772205352783
54,Nose,364.022855758667,-72.05927520990372,0.9999873638153076
54,Left Eye,384.03491020202637,-104.87275242805481,0.9999727010726929
54,Right Eye,396.88342094421387,-98.77720713615417,0.9999716281890869
54,Left Ear,408.05883407592773,-90.17998158931732,0.999959409236908
54,Right Ear,348.5435485839844,-116.89934581518173,0.9999703764915466
54,Left Shoulder,474.4368553161621,136.83974862098694,0.9999843239784241
54,Right Shoulder,144.91726398468018,108.48916411399841,0.9999802112579346
54,Left Elbow,556.9721603393555,323.5924994945526,0.9935014843940735
54,Right Elbow,48.55208873748779,326.9426643848419,0.9988494515419006
54,Left Wrist,631.2483787536621,483.37469458580017,0.9949232339859009
54,Right Wrist,157.54843711853027,464.934561252594,0.9965348243713379
54,Left Hip,391.5728187561035,481.43938422203064,0.9997293949127197
54,Right Hip,202.7175235748291,497.5916361808777,0.9995755553245544
54,Left Knee,614.3619918823242,582.907190322876,0.8593829870223999
54,Right Knee,198.31156253814697,572.3200821876526,0.9462233185768127
54,Left Ankle,485.02904891967773,896.099681854248,0.6087092757225037
54,Right Ankle,201.7455768585205,920.6469798088074,0.7444989681243896
55,Nose,363.76007080078125,-73.69196802377701,0.9999871850013733
55,Left Eye,383.84081840515137,-105.6135168671608,0.999972403049469
55,Right Eye,396.864538192749,-98.78301680088043,0.999971330165863
55,Left Ear,408.12211990356445,-90.26628971099854,0.9999589323997498
55,Right Ear,348.20935249328613,-117.59906440973282,0.9999698996543884
55,Left Shoulder,474.8169422149658,136.83931410312653,0.9999843239784241
55,Right Shoulder,144.88481998443604,108.57673555612564,0.9999797344207764
55,Left Elbow,557.6245307922363,323.59198451042175,0.993606448173523
55,Right Elbow,48.2020103931427,326.98949575424194,0.9988449215888977
55,Left Wrist,631.8329429626465,483.5837459564209,0.9949851632118225
55,Right Wrist,157.13284492492676,464.9522316455841,0.9965210556983948
55,Left Hip,391.5956497192383,482.19802021980286,0.9997296333312988
55,Right Hip,202.3969030380249,498.34689259529114,0.99957275390625
55,Left Knee,614.091911315918,582.4404215812683,0.852774441242218
55,Right Knee,183.77187252044678,572.4116849899292,0.9426424503326416
55,Left Ankle,484.75650787353516,896.8404221534729,0.5975083708763123
55,Right Ankle,192.47684955596924,924.4156336784363,0.7339679598808289
56,Nose,366.8621349334717,-75.15983372926712,0.9999874830245972
56,Left Eye,386.9984436035156,-106.51313781738281,0.9999730587005615
56,Right Eye,399.5961284637451,-98.91873925924301,0.9999719262123108
56,Left Ear,410.81411361694336,-90.22448748350143,0.9999598860740662
56,Right Ear,351.63182258605957,-119.28535580635071,0.9999706149101257
56,Left Shoulder,475.534086227417,136.83564484119415,0.999984622001648
56,Right Shoulder,144.85580921173096,108.59088152647018,0.9999797344207764
56,Left Elbow,558.2979011535645,323.68815779685974,0.9937350749969482
56,Right Elbow,48.13146471977234,326.99094414711,0.9988468289375305
56,Left Wrist,632.4863433837891,483.83113145828247,0.995131254196167
56,Right Wrist,157.0278024673462,464.85769987106323,0.9965613484382629
56,Left Hip,391.59061431884766,483.3693516254425,0.9997282028198242
56,Right Hip,201.67153358459473,498.90960931777954,0.9995718598365784
56,Left Knee,614.0188407897949,581.6956257820129,0.8506572246551514
56,Right Knee,177.11030960083008,572.594633102417,0.9410694241523743
56,Left Ankle,484.7585678100586,897.3516726493835,0.5924121737480164
56,Right Ankle,193.00628185272217,926.2381625175476,0.728803813457489
57,Nose,368.6898708343506,-76.96033090353012,0.9999879598617554
57,Left Eye,389.3042278289795,-107.12534934282303,0.9999741315841675
57,Right Eye,401.5656852722168,-99.10379558801651,0.999972939491272
57,Left Ear,412.70559310913086,-90.22376328706741,0.9999614953994751
57,Right Ear,353.7576198577881,-120.65564006567001,0.9999718070030212
57,Left Shoulder,475.94515800476074,136.6115140914917,0.999984860420227
57,Right Shoulder,144.85041618347168,108.63278031349182,0.9999798536300659
57,Left Elbow,558.8320541381836,323.6850678920746,0.9938299655914307
57,Right Elbow,48.02363991737366,326.986083984375,0.9988451600074768
57,Left Wrist,632.8228569030762,483.88073086738586,0.9952579140663147
57,Right Wrist,156.9521999359131,464.841091632843,0.9965994358062744
57,Left Hip,391.5865230560303,484.24208879470825,0.9997290968894958
57,Right Hip,201.22515678405762,499.65437293052673,0.9995734095573425
57,Left Knee,613.7735939025879,579.6800422668457,0.8500759601593018
57,Right Knee,177.11809158325195,571.4007711410522,0.9404618144035339
57,Left Ankle,485.2964401245117,897.3183274269104,0.589754045009613
57,Right Ankle,193.49935054779053,926.187629699707,0.7273163795471191
58,Nose,370.5753707885742,-77.516650557518,0.9999880194664001
58,Left Eye,390.9459400177002,-107.25659787654877,0.9999744892120361
58,Right Eye,402.8332042694092,-99.04003411531448,0.9999732971191406
58,Left Ear,413.71673583984375,-90.0735729932785,0.9999620914459229
58,Right Ear,355.85841178894043,-121.02466642856598,0.9999720454216003
58,Left Shoulder,476.4840888977051,136.6461145877838,0.9999850988388062
58,Right Shoulder,144.91192817687988,108.63420456647873,0.9999794363975525
58,Left Elbow,559.665412902832,323.8300037384033,0.993962287902832
58,Right Elbow,47.73271322250366,326.98315501213074,0.9988324642181396
58,Left Wrist,633.2135009765625,484.4221079349518,0.9953630566596985
58,Right Wrist,156.85483932495117,464.8715400695801,0.9965675473213196
58,Left Hip,391.48810386657715,484.18524742126465,0.9997351169586182
58,Right Hip,200.92260360717773,499.5490264892578,0.99957674741745
58,Left Knee,613.0911827087402,579.0710735321045,0.8505656123161316
58,Right Knee,177.81982898712158,570.1960301399231,0.9397290349006653
58,Left Ankle,485.2935791015625,897.349226474762,0.5901221036911011
58,Right Ankle,193.0874490737915,924.4229078292847,0.7257028818130493
59,Nose,371.26556396484375,-76.27284318208694,0.9999880194664001
59,Left Eye,390.96845626831055,-86.65497958660126,0.9999746680259705
59,Right Eye,402.80839920043945,-83.7141627073288,0.999973475933075
59,Left Ear,413.9752006530762,-89.67311650514603,0.9999623894691467
59,Right Ear,356.26261711120605,-120.68282961845398,0.9999720454216003
59,Left Shoulder,477.0077705383301,136.70535385608673,0.9999853372573853
59,Right Shoulder,144.8706865310669,108.66513580083847,0.99997878074646
59,Left Elbow,560.6679725646973,324.0838587284088,0.9940835237503052
59,Right Elbow,47.7126681804657,327.20340728759766,0.9988057017326355
59,Left Wrist,633.7665367126465,485.1926851272583,0.9954360723495483
59,Right Wrist,156.87240600585938,465.0414526462555,0.9964789748191833
59,Left Hip,391.4886474609375,484.175945520401,0.9997365474700928
59,Right Hip,200.83770275115967,499.7886550426483,0.9995701909065247
59,Left Knee,612.5883865356445,578.573727607727,0.8506534695625305
59,Right Knee,185.74082851409912,570.0211930274963,0.9383725523948669
59,Left Ankle,485.4496192932129,897.3125982284546,0.589393138885498
59,Right Ankle,193.00204753875732,923.5672616958618,0.723209798336029
60,Nose,371.6371536254883,-62.909865975379944,0.9999879002571106
60,Left Eye,390.8983039855957,-71.09655261039734,0.9999743700027466
60,Right Eye,402.7279758453369,-69.37805861234665,0.9999731779098511
60,Left Ear,414.58508491516113,-77.0751079916954,0.9999619126319885
60,Right Ear,356.193208694458,-112.76798218488693,0.9999716281890869
60,Left Shoulder,477.1863842010498,136.9840407371521,0.9999855756759644
60,Right Shoulder,144.8428201675415,108.76728773117065,0.9999786615371704
60,Left Elbow,561.1543464660645,324.12856578826904,0.9942147731781006
60,Right Elbow,47.70820498466492,327.2281265258789,0.998792290687561
60,Left Wrist,634.200325012207,485.7106304168701,0.9955066442489624
60,Right Wrist,156.75009727478027,465.0945281982422,0.9964497685432434
60,Left Hip,391.49831771850586,483.96705508232117,0.9997349977493286
60,Right Hip,200.8131980895996,499.7866916656494,0.9995626211166382
60,Left Knee,611.6520881652832,577.7324366569519,0.8479511737823486
60,Right Knee,185.25893211364746,570.2018880844116,0.935711681842804
60,Left Ankle,485.6520652770996,897.3078989982605,0.5848926901817322
60,Right Ankle,188.26159000396729,923.5160851478577,0.7168346047401428
61,Nose,372.8348922729492,-62.6415753364563,0.9999876618385315
61,Left Eye,391.5853500366211,-74.053253531456,0.999973714351654
61,Right Eye,402.7288341522217,-67.7669307589531,0.9999724626541138
61,Left Ear,415.4583263397217,-76.60000294446945,0.9999608993530273
61,Right Ear,356.89587593078613,-110.80420285463333,0.9999707341194153
61,Left Shoulder,477.41766929626465,136.9376277923584,0.9999856352806091
61,Right Shoulder,144.84051704406738,108.57820004224777,0.9999781847000122
61,Left Elbow,561.8276023864746,324.16545152664185,0.994361162185669
61,Right Elbow,47.68799901008606,327.1933972835541,0.9987810850143433
61,Left Wrist,634.7319602966309,486.2612450122833,0.9955937266349792
61,Right Wrist,156.7467498779297,465.09958148002625,0.9964350461959839
61,Left Hip,391.32737159729004,483.18228363990784,0.9997353553771973
61,Right Hip,200.66049098968506,499.3876111507416,0.9995540380477905
61,Left Knee,611.5364456176758,576.4342904090881,0.8501142263412476
61,Right Knee,190.8655071258545,570.2022099494934,0.9357772469520569
61,Left Ankle,485.6466865539551,897.2828578948975,0.5876502394676208
61,Right Ankle,187.09314823150635,919.3407225608826,0.7172294855117798
62,Nose,372.7789878845215,-59.69193533062935,0.9999876618385315
62,Left Eye,391.4471912384033,-64.7503910958767,0.9999735951423645
62,Right Eye,402.553768157959,-61.950273513793945,0.999972403049469
62,Left Ear,415.263090133667,-71.67998939752579,0.9999608993530273
62,Right Ear,356.8934726715088,-108.91174882650375,0.9999704957008362
62,Left Shoulder,477.82084465026855,137.32489585876465,0.9999860525131226
62,Right Shoulder,144.85002994537354,108.57809543609619,0.9999781250953674
62,Left Elbow,563.2126235961914,324.86364126205444,0.9945741891860962
62,Right Elbow,47.6909065246582,327.2178912162781,0.9987646341323853
62,Left Wrist,635.119514465332,487.6093125343323,0.9957261085510254
62,Right Wrist,156.66512489318848,465.63809394836426,0.9963964819908142
62,Left Hip,390.94176292419434,482.96936988830566,0.9997386336326599
62,Right Hip,200.06587028503418,498.99635195732117,0.9995571374893188
62,Left Knee,611.5327262878418,576.2871980667114,0.8514927625656128
62,Right Knee,190.25628089904785,568.5613417625427,0.9355964064598083
62,Left Ankle,485.8205795288086,895.9228491783142,0.5894383788108826
62,Right Ankle,185.67236423492432,917.0421552658081,0.7170809507369995
63,Nose,374.1218662261963,-50.658928602933884,0.9999879598617554
63,Left Eye,393.8929080963135,-68.87911140918732,0.9999741315841675
63,Right Eye,403.6842155456543,-60.226565301418304,0.999972939491272
63,Left Ear,417.7738094329834,-63.30167233943939,0.9999616742134094
63,Right Ear,358.705415725708,-99.94156211614609,0.9999711513519287
63,Left Shoulder,478.0587959289551,137.5912231206894,0.9999864101409912
63,Right Shoulder,144.8054552078247,109.45587784051895,0.9999783039093018
63,Left Elbow,564.4346809387207,325.71040391921997,0.9947443008422852
63,Right Elbow,47.55174994468689,327.9683518409729,0.9987667202949524
63,Left Wrist,635.6283187866211,489.1698753833771,0.9958562850952148
63,Right Wrist,156.62421226501465,466.797194480896,0.9964090585708618
63,Left Hip,391.309289932251,482.9423975944519,0.9997363686561584
63,Right Hip,200.28854370117188,498.7917423248291,0.9995558857917786
63,Left Knee,611.7258453369141,576.3637375831604,0.8534064292907715
63,Right Knee,189.78083610534668,566.2803483009338,0.9361644387245178
63,Left Ankle,486.2061882019043,895.0397157669067,0.5914198160171509
63,Right Ankle,189.10489082336426,914.579758644104,0.7186646461486816
64,Nose,375.6006145477295,-51.479688584804535,0.9999880790710449
64,Left Eye,394.22301292419434,-68.64062547683716,0.9999743700027466
64,Right Eye,404.5635795593262,-62.212344110012054,0.9999731779098511
64,Left Ear,421.01131439208984,-63.56026276946068,0.9999620318412781
64,Right Ear,359.388370513916,-82.55888432264328,0.9999714493751526
64,Left Shoulder,478.21374893188477,137.60091125965118,0.9999865293502808
64,Right Shoulder,144.80592727661133,109.45364087820053,0.9999779462814331
64,Left Elbow,565.4580116271973,326.22010946273804,0.9948840141296387
64,Right Elbow,47.391639947891235,327.99728751182556,0.998763382434845
64,Left Wrist,635.9936714172363,490.0444793701172,0.9959755539894104
64,Right Wrist,156.5902805328369,467.35019087791443,0.9964183568954468
64,Left Hip,391.38879776000977,482.94597029685974,0.999736487865448
64,Right Hip,200.1802110671997,498.7315535545349,0.9995537400245667
64,Left Knee,612.3657989501953,575.2876782417297,0.856761634349823
64,Right Knee,190.24163246154785,565.7574462890625,0.9370973110198975
64,Left Ankle,486.3860321044922,894.5658659934998,0.5961279273033142
64,Right Ankle,188.8441801071167,914.4128394126892,0.7231451272964478
65,Nose,376.8899917602539,-47.295671850442886,0.9999880790710449
65,Left Eye,395.4998302459717,-65.46757489442825,0.9999744296073914
65,Right Eye,408.9009189605713,-63.310089111328125,0.9999731183052063
65,Left Ear,422.57683753967285,-60.540552735328674,0.9999620318412781
65,Right Ear,361.4465618133545,-86.53889894485474,0.9999715685844421
65,Left Shoulder,479.0639019012451,137.66069769859314,0.9999865889549255
65,Right Shoulder,145.5710506439209,109.45088893175125,0.9999777674674988
65,Left Elbow,566.4411735534668,326.8394100666046,0.9949483275413513
65,Right Elbow,47.442240715026855,328.2155764102936,0.9987620711326599
65,Left Wrist,636.3913536071777,490.771347284317,0.9960379004478455
65,Right Wrist,156.58404350280762,467.6118993759155,0.9964262843132019
65,Left Hip,392.81238555908203,482.951956987381,0.9997317790985107
65,Right Hip,200.60933589935303,498.730845451355,0.9995425343513489
65,Left Knee,612.8472518920898,575.3043508529663,0.8585938215255737
65,Right Knee,190.94744682312012,567.0961475372314,0.9367713332176208
65,Left Ankle,486.54430389404297,894.3596148490906,0.5981167554855347
65,Right Ankle,189.4044828414917,915.4057288169861,0.7240517139434814
66,Nose,375.80254554748535,-47.46817544102669,0.9999880194664001
66,Left Eye,394.5710849761963,-78.44188392162323,0.9999745488166809
66,Right Eye,408.2992172241211,-74.1460794210434,0.9999731779098511
66,Left Ear,421.4366340637207,-67.72800117731094,0.9999622702598572
66,Right Ear,360.06028175354004,-90.68205893039703,0.9999716281890869
66,Left Shoulder,480.12542724609375,137.654727101326,0.9999867081642151
66,Right Shoulder,147.0017910003662,109.7930958867073,0.9999770522117615
66,Left Elbow,567.6834869384766,328.3946943283081,0.9950206875801086
66,Right Elbow,47.564871311187744,328.85000467300415,0.9987593293190002
66,Left Wrist,636.5580940246582,491.2447786331177,0.9960790872573853
66,Right Wrist,156.59869194030762,468.2383131980896,0.9963527917861938
66,Left Hip,394.5239067077637,482.7071785926819,0.9997332692146301
66,Right Hip,201.3495111465454,497.934068441391,0.9995396733283997
66,Left Knee,612.8704833984375,575.3980779647827,0.8589921593666077
66,Right Knee,193.0019187927246,565.0291299819946,0.9368264675140381
66,Left Ankle,486.5118598937988,894.104118347168,0.5974291563034058
66,Right Ankle,189.48826789855957,912.2578883171082,0.7235759496688843
67,Nose,375.7408332824707,-48.3842034637928,0.9999881386756897
67,Left Eye,394.5054531097412,-80.14623999595642,0.9999750852584839
67,Right Eye,408.12732696533203,-75.32376766204834,0.9999736547470093
67,Left Ear,421.2264919281006,-67.98947632312775,0.9999630451202393
67,Right Ear,360.00123023986816,-92.11676448583603,0.9999721646308899
67,Left Shoulder,480.6649589538574,137.6355278491974,0.999987006187439
67,Right Shoulder,147.68391609191895,109.8030012845993,0.9999768137931824
67,Left Elbow,568.8269805908203,328.89387488365173,0.9951034784317017
67,Right Elbow,47.5916862487793,329.1129684448242,0.9987673759460449
67,Left Wrist,636.6300773620605,491.9923424720764,0.9961299896240234
67,Right Wrist,156.5421438217163,468.48997950553894,0.9963266253471375
67,Left Hip,394.96313095092773,482.11726427078247,0.9997365474700928
67,Right Hip,201.79914951324463,496.85327768325806,0.9995418787002563
67,Left Knee,612.9188346862793,575.4096007347107,0.8597736954689026
67,Right Knee,191.16206645965576,565.136182308197,0.9369850754737854
67,Left Ankle,486.4844512939453,893.6055493354797,0.5977835655212402
67,Right Ankle,188.99714469909668,908.1890630722046,0.7217933535575867
68,Nose,375.7057285308838,-49.039400070905685,0.9999887347221375
68,Left Eye,395.35094261169434,-84.29188638925552,0.9999764561653137
68,Right Eye,408.75560760498047,-78.49961042404175,0.9999750852584839
68,Left Ear,421.42948150634766,-69.92832720279694,0.9999650716781616
68,Right Ear,360.5038547515869,-92.76092916727066,0.9999736547470093
68,Left Shoulder,481.4695358276367,137.80914187431335,0.9999873638153076
68,Right Shoulder,148.33379745483398,109.93384748697281,0.9999770522117615
68,Left Elbow,570.0619125366211,329.75576519966125,0.9951558709144592
68,Right Elbow,46.454962491989136,329.1146421432495,0.9987866282463074
68,Left Wrist,636.7698097229004,492.5150191783905,0.9961792230606079
68,Right Wrist,156.49779796600342,468.9041554927826,0.9963335394859314
68,Left Hip,394.874324798584,481.77682757377625,0.9997447729110718
68,Right Hip,201.69280529022217,495.8323538303375,0.9995545148849487
68,Left Knee,612.9369735717773,575.430908203125,0.8621167540550232
68,Right Knee,190.40176391601562,564.9335360527039,0.9383825659751892
68,Left Ankle,486.48759841918945,893.2748007774353,0.6016989350318909
68,Right Ankle,189.0944766998291,905.4309368133545,0.7237123847007751
69,Nose,375.68653106689453,-49.68831226229668,0.9999885559082031
69,Left Eye,395.45165061950684,-87.83944308757782,0.9999763369560242
69,Right Eye,408.93625259399414,-81.6442483663559,0.9999749064445496
69,Left Ear,421.46575927734375,-72.99715787172318,0.9999648928642273
69,Right Ear,360.0959587097168,-95.07076174020767,0.9999735355377197
69,Left Shoulder,482.71013259887695,137.8907185792923,0.9999873042106628
69,Right Shoulder,149.69720363616943,109.9563217163086,0.9999767541885376
69,Left Elbow,570.5359268188477,331.0914731025696,0.9951140284538269
69,Right Elbow,46.382256746292114,329.3336069583893,0.9987748861312866
69,Left Wrist,637.2117233276367,493.55132818222046,0.9961682558059692
69,Right Wrist,156.48133277893066,469.20493841171265,0.996296763420105
69,Left Hip,394.7291851043701,482.4877953529358,0.9997481107711792
69,Right Hip,201.35247230529785,495.6622803211212,0.9995625615119934
69,Left Knee,612.8523445129395,574.5038080215454,0.8600975275039673
69,Right Knee,176.05095863342285,555.2374148368835,0.9380275011062622
69,Left Ankle,486.6646385192871,892.3604464530945,0.5988755226135254
69,Right Ankle,188.86324882507324,894.3610310554504,0.7192540764808655
70,Nose,380.0588607788086,-57.188042253255844,0.9999876022338867
70,Left Eye,398.0415630340576,-80.89795589447021,0.9999749064445496
70,Right Eye,413.10956954956055,-83.0234643816948,0.9999732375144958
70,Left Ear,424.49761390686035,-73.46314609050751,0.9999628067016602
70,Right Ear,363.0153465270996,-102.90906965732574,0.9999719262123108
70,Left Shoulder,483.40919494628906,138.09381544589996,0.9999869465827942
70,Right Shoulder,151.11971855163574,109.8773843050003,0.9999757409095764
70,Left Elbow,571.2175369262695,332.50510454177856,0.9949744939804077
70,Right Elbow,46.338722705841064,329.5362854003906,0.9987438321113586
70,Left Wrist,638.2918739318848,494.87876415252686,0.9960978627204895
70,Right Wrist,156.45566940307617,469.36078548431396,0.9961875081062317
70,Left Hip,394.39504623413086,483.6880946159363,0.9997460246086121
70,Right Hip,200.70409297943115,495.8213460445404,0.9995580911636353
70,Left Knee,613.0094718933105,574.5256304740906,0.8478651642799377
70,Right Knee,168.25444221496582,550.4626107215881,0.9328223466873169
70,Left Ankle,486.19068145751953,894.3500876426697,0.5824026465415955
70,Right Ankle,183.22204113006592,895.8606648445129,0.7003192901611328
71,Nose,380.2671146392822,-64.5472700893879,0.9999876022338867
71,Left Eye,399.5804500579834,-93.02735298871994,0.9999751448631287
71,Right Eye,414.0713882446289,-88.54244470596313,0.999973475933075
71,Left Ear,425.3808116912842,-78.88771533966064,0.9999632239341736
71,Right Ear,363.2805061340332,-107.48075276613235,0.9999722242355347
71,Left Shoulder,484.3575668334961,138.12696754932404,0.9999866485595703
71,Right Shoulder,151.56071662902832,109.86741453409195,0.9999743103981018
71,Left Elbow,572.0444869995117,333.65142703056335,0.9948316812515259
71,Right Elbow,46.23365879058838,329.7971248626709,0.998711347579956
71,Left Wrist,639.2135238647461,495.5348861217499,0.9960252642631531
71,Right Wrist,156.47409439086914,469.48132395744324,0.9960414171218872
71,Left Hip,393.51433753967285,484.8845636844635,0.99974524974823
71,Right Hip,199.30305004119873,496.3975489139557,0.9995441436767578
71,Left Knee,613.2173538208008,574.6192932128906,0.8411598801612854
71,Right Knee,175.17155170440674,546.2905955314636,0.9316680431365967
71,Left Ankle,485.2701759338379,896.0277128219604,0.5744348168373108
71,Right Ankle,176.65125846862793,896.9923424720764,0.6922174096107483
72,Nose,380.35346031188965,-64.59715113043785,0.9999877214431763
72,Left Eye,399.9147319793701,-94.78769749403,0.9999757409095764
72,Right Eye,413.83752822875977,-90.07561683654785,0.9999739527702332
72,Left Ear,425.275354385376,-82.40851700305939,0.9999641180038452
72,Right Ear,363.6728096008301,-107.45114117860794,0.999972939491272
72,Left Shoulder,485.39079666137695,138.10815453529358,0.9999865293502808
72,Right Shoulder,151.82601928710938,109.91925895214081,0.9999740123748779
72,Left Elbow,574.7179412841797,335.57862639427185,0.9947563409805298
72,Right Elbow,45.69090127944946,330.2980434894562,0.9986822009086609
72,Left Wrist,640.3458595275879,496.094126701355,0.9959465861320496
72,Right Wrist,156.473650932312,471.38325691223145,0.9958682060241699
72,Left Hip,393.12586784362793,485.72128415107727,0.9997449517250061
72,Right Hip,199.183988571167,496.75713658332825,0.999542236328125
72,Left Knee,613.3610916137695,573.293981552124,0.835555374622345
72,Right Knee,174.53651905059814,542.1966648101807,0.9299668073654175
72,Left Ankle,484.3493843078613,898.5130906105042,0.5660791397094727
72,Right Ankle,176.57979011535645,897.0947599411011,0.6837508082389832
73,Nose,381.44373893737793,-60.415065586566925,0.9999882578849792
73,Left Eye,401.88448905944824,-94.53492075204849,0.9999768733978271
73,Right Eye,415.5271625518799,-89.62005704641342,0.9999750852584839
73,Left Ear,426.99809074401855,-82.09340304136276,0.9999657273292542
73,Right Ear,364.7992515563965,-106.07764631509781,0.9999741911888123
73,Left Shoulder,485.89244842529297,138.11048805713654,0.9999867677688599
73,Right Shoulder,152.16171741485596,109.89682495594025,0.9999743103981018
73,Left Elbow,576.1441612243652,335.7493758201599,0.9947266578674316
73,Right Elbow,45.527626276016235,330.4653489589691,0.9986534714698792
73,Left Wrist,641.275634765625,496.8245029449463,0.9959190487861633
73,Right Wrist,156.4629077911377,472.4739933013916,0.9957460761070251
73,Left Hip,392.95071601867676,486.02927684783936,0.9997457265853882
73,Right Hip,199.15732383728027,496.78150177001953,0.999541163444519
73,Left Knee,613.494873046875,571.7390513420105,0.834344744682312
73,Right Knee,173.24312210083008,538.2230150699615,0.9295967221260071
73,Left Ankle,484.01023864746094,898.4936499595642,0.564139187335968
73,Right Ankle,173.2038974761963,897.3929357528687,0.6817201375961304
74,Nose,383.2335090637207,-57.470756471157074,0.9999886751174927
74,Left Eye,404.73320960998535,-93.99393796920776,0.9999775886535645
74,Right Eye,417.89557456970215,-89.39509749412537,0.9999758005142212
74,Left Ear,429.05359268188477,-81.48561716079712,0.9999666213989258
74,Right Ear,366.96115493774414,-106.0660994052887,0.9999751448631287
74,Left Shoulder,485.9541320800781,138.0665534734726,0.9999869465827942
74,Right Shoulder,152.43394374847412,109.29570972919464,0.9999749660491943
74,Left Elbow,576.1712265014648,335.5226540565491,0.9947000741958618
74,Right Elbow,45.01608610153198,330.4688894748688,0.9986572861671448
74,Left Wrist,642.0097160339355,497.6325452327728,0.9958905577659607
74,Right Wrist,156.76576137542725,473.90281677246094,0.9957178235054016
74,Left Hip,391.63896560668945,486.1649751663208,0.9997445940971375
74,Right Hip,198.82577419281006,496.55983328819275,0.9995396733283997
74,Left Knee,614.6139907836914,568.4467577934265,0.8318257331848145
74,Right Knee,167.38286018371582,532.1788394451141,0.9296233057975769
74,Left Ankle,483.7887382507324,898.4241271018982,0.5612231492996216
74,Right Ankle,168.57343196868896,895.5389285087585,0.6791448593139648
75,Nose,383.09417724609375,-56.52305290102959,0.9999890923500061
75,Left Eye,404.5722770690918,-84.8528328537941,0.9999784827232361
75,Right Eye,417.7261161804199,-82.03541100025177,0.9999766945838928
75,Left Ear,429.13135528564453,-80.71225583553314,0.9999678134918213
75,Right Ear,366.901273727417,-106.0586079955101,0.9999762177467346
75,Left Shoulder,486.3119316101074,138.06027710437775,0.9999871253967285
75,Right Shoulder,153.16068649291992,109.28247302770615,0.9999752640724182
75,Left Elbow,576.9050788879395,335.49001693725586,0.9947589039802551
75,Right Elbow,44.60890173912048,331.01152181625366,0.9986595511436462
75,Left Wrist,642.839183807373,497.7711081504822,0.9959477186203003
75,Right Wrist,157.42230892181396,475.19558787345886,0.9956803917884827
75,Left Hip,392.18567848205566,486.16307616233826,0.9997459053993225
75,Right Hip,199.47179317474365,496.11189365386963,0.9995463490486145
75,Left Knee,615.1553535461426,568.267092704773,0.8284014463424683
75,Right Knee,148.5302495956421,527.2257220745087,0.9293569326400757
75,Left Ankle,483.45943450927734,898.4019184112549,0.5568140149116516
75,Right Ankle,168.40466022491455,889.9262452125549,0.6754497289657593
76,Nose,383.09414863586426,-54.78001669049263,0.9999889731407166
76,Left Eye,404.4015884399414,-73.95755499601364,0.9999783635139465
76,Right Eye,417.53125190734863,-71.9093906879425,0.9999765157699585
76,Left Ear,429.08034324645996,-70.48122704029083,0.9999675154685974
76,Right Ear,367.8387451171875,-106.66564553976059,0.9999761581420898
76,Left Shoulder,486.3475227355957,138.9715576171875,0.9999871253967285
76,Right Shoulder,153.49134922027588,109.40732449293137,0.9999749064445496
76,Left Elbow,577.6064872741699,335.48837542533875,0.9948431849479675
76,Right Elbow,45.129218101501465,331.2541115283966,0.9986291527748108
76,Left Wrist,643.7262725830078,499.903689622879,0.9959830641746521
76,Right Wrist,157.57550239562988,475.3772163391113,0.995560348033905
76,Left Hip,391.8994617462158,486.4699423313141,0.9997451901435852
76,Right Hip,198.9653491973877,495.8728766441345,0.9995474815368652
76,Left Knee,615.5548667907715,569.369158744812,0.8262729644775391
76,Right Knee,142.63285160064697,523.2276749610901,0.9289888143539429
76,Left Ankle,483.164005279541,898.1459712982178,0.5531702637672424
76,Right Ankle,162.321138381958,881.695704460144,0.6694315671920776
77,Nose,382.1714973449707,-54.84538748860359,0.9999892115592957
77,Left Eye,403.5348701477051,-81.96031183004379,0.9999789595603943
77,Right Eye,416.380090713501,-76.89356803894043,0.9999771118164062
77,Left Ear,427.64368057250977,-72.69681751728058,0.999968409538269
77,Right Ear,367.0012378692627,-106.75658047199249,0.9999769330024719
77,Left Shoulder,486.62927627563477,139.12164330482483,0.9999869465827942
77,Right Shoulder,153.70011806488037,109.40717160701752,0.999974250793457
77,Left Elbow,578.9017295837402,336.125990152359,0.9948632717132568
77,Right Elbow,44.86301779747009,331.63896560668945,0.9985853433609009
77,Left Wrist,644.7854804992676,501.7178177833557,0.9959756731987
77,Right Wrist,157.79617309570312,475.62090039253235,0.9953472018241882
77,Left Hip,392.0647716522217,487.6955723762512,0.9997430443763733
77,Right Hip,199.15138721466064,496.03068709373474,0.9995487928390503
77,Left Knee,617.0010566711426,571.8529272079468,0.8275336027145386
77,Right Knee,141.64425373077393,516.3918399810791,0.9302798509597778
77,Left Ankle,482.99949645996094,897.2664427757263,0.5551427602767944
77,Right Ankle,157.97327041625977,878.3107137680054,0.6715840697288513
78,Nose,386.65637969970703,-55.50124391913414,0.9999889731407166
78,Left Eye,408.6569881439209,-86.99342876672745,0.9999786615371704
78,Right Eye,421.3820743560791,-80.33939927816391,0.9999767541885376
78,Left Ear,432.10018157958984,-74.44547027349472,0.9999679327011108
78,Right Ear,369.33897972106934,-106.84747517108917,0.9999766945838928
78,Left Shoulder,488.06928634643555,139.08406555652618,0.9999867677688599
78,Right Shoulder,154.6310520172119,109.32907104492188,0.9999731183052063
78,Left Elbow,579.1147613525391,336.1273741722107,0.9948346018791199
78,Right Elbow,45.09739637374878,331.96115255355835,0.9985339045524597
78,Left Wrist,645.8981895446777,503.1427466869354,0.9959851503372192
78,Right Wrist,158.33215713500977,475.80491065979004,0.9951357245445251
78,Left Hip,392.8316402435303,488.3070194721222,0.9997411966323853
78,Right Hip,199.17596340179443,496.14240646362305,0.9995453953742981
78,Left Knee,617.2290229797363,571.8815088272095,0.8257784843444824
78,Right Knee,143.81964683532715,514.9732518196106,0.9294481873512268
78,Left Ankle,482.97632217407227,896.6848969459534,0.5539387464523315
78,Right Ankle,159.60240840911865,878.0814170837402,0.6697408556938171
79,Nose,384.3471050262451,-56.18643835186958,0.9999890923500061
79,Left Eye,407.29047775268555,-90.22403687238693,0.9999788999557495
79,Right Eye,420.31660079956055,-83.15028727054596,0.9999769330024719
79,Left Ear,431.3869857788086,-76.37469738721848,0.9999681711196899
79,Right Ear,367.59867668151855,-106.86496049165726,0.9999771118164062
79,Left Shoulder,489.81456756591797,139.04875695705414,0.9999865293502808
79,Right Shoulder,155.7581090927124,110.22508710622787,0.999973475933075
79,Left Elbow,579.968376159668,336.1973798274994,0.9948012828826904
79,Right Elbow,45.5206024646759,332.95915961265564,0.9985244870185852
79,Left Wrist,647.4871444702148,505.5622386932373,0.9959095120429993
79,Right Wrist,159.24253463745117,476.88499331474304,0.995074987411499
79,Left Hip,394.4710636138916,488.4396278858185,0.9997445940971375
79,Right Hip,200.18704891204834,496.21511578559875,0.999552309513092
79,Left Knee,617.2791481018066,569.3418645858765,0.8264030814170837
79,Right Knee,145.8145236968994,511.3211452960968,0.9300323128700256
79,Left Ankle,482.9422187805176,896.6672587394714,0.5569225549697876
79,Right Ankle,159.778790473938,876.6754460334778,0.6731532216072083
80,Nose,381.34955406188965,-56.15932524204254,0.9999891519546509
80,Left Eye,405.06279945373535,-90.36005705595016,0.9999788403511047
80,Right Eye,418.13283920288086,-83.32656472921371,0.9999768733978271
80,Left Ear,429.61029052734375,-76.43525630235672,0.9999680519104004
80,Right Ear,365.566463470459,-105.99016338586807,0.999977171421051
80,Left Shoulder,490.6640625,139.05231356620789,0.9999862909317017
80,Right Shoulder,156.36696338653564,111.01001143455505,0.9999736547470093
80,Left Elbow,581.6260528564453,337.0094132423401,0.9949044585227966
80,Right Elbow,46.388593912124634,334.380966424942,0.9985098242759705
80,Left Wrist,649.2362594604492,507.51264452934265,0.9959254264831543
80,Right Wrist,159.93739128112793,478.0194389820099,0.9949999451637268
80,Left Hip,395.6185054779053,486.81729912757874,0.9997457265853882
80,Right Hip,201.53326034545898,494.7308027744293,0.9995601773262024
80,Left Knee,617.266731262207,566.4840245246887,0.8285667896270752
80,Right Knee,146.77279472351074,511.19272112846375,0.9313535690307617
80,Left Ankle,483.02358627319336,893.9490437507629,0.5619827508926392
80,Right Ankle,160.1408815383911,877.3274803161621,0.6809263229370117
81,Nose,382.4365425109863,-54.92545947432518,0.9999896287918091
81,Left Eye,406.6271495819092,-91.01545482873917,0.9999797940254211
81,Right Eye,420.3805446624756,-84.32976186275482,0.9999778270721436
81,Left Ear,432.475004196167,-77.69267052412033,0.999969482421875
81,Right Ear,366.8104648590088,-105.70080667734146,0.9999783039093018
81,Left Shoulder,491.9561576843262,139.08742904663086,0.999986469745636
81,Right Shoulder,156.56222820281982,111.54540181159973,0.9999741315841675
81,Left Elbow,584.5508766174316,338.20356488227844,0.994961142539978
81,Right Elbow,46.60320281982422,336.4299273490906,0.9984869956970215
81,Left Wrist,650.7299995422363,511.77674531936646,0.9958828091621399
81,Right Wrist,159.93308544158936,479.5061981678009,0.9948302507400513
81,Left Hip,395.74238777160645,486.75907373428345,0.9997439384460449
81,Right Hip,201.51708126068115,494.85439896583557,0.9995615482330322
81,Left Knee,617.2707366943359,565.5240297317505,0.8309338688850403
81,Right Knee,144.52224254608154,510.24730682373047,0.932746946811676
81,Left Ankle,483.0044174194336,892.193398475647,0.566643238067627
81,Right Ankle,155.9179401397705,874.3965768814087,0.6884516477584839
82,Nose,382.4175453186035,-49.879974871873856,0.9999902844429016
82,Left Eye,406.964693069458,-90.37643998861313,0.999981164932251
82,Right Eye,421.4546298980713,-84.05910551548004,0.9999792575836182
82,Left Ear,434.2159366607666,-77.66911804676056,0.9999715089797974
82,Right Ear,366.76586151123047,-102.52307295799255,0.9999797940254211
82,Left Shoulder,495.3929328918457,139.8027902841568,0.9999868869781494
82,Right Shoulder,158.35204124450684,111.54562711715698,0.9999746680259705
82,Left Elbow,588.1476974487305,340.50889134407043,0.995042085647583
82,Right Elbow,47.12651968002319,337.2370684146881,0.9984583854675293
82,Left Wrist,653.3230018615723,515.3827607631683,0.9959056973457336
82,Right Wrist,160.01010417938232,480.21819591522217,0.9945533275604248
82,Left Hip,396.8769836425781,486.7621314525604,0.9997421503067017
82,Right Hip,201.6557264328003,494.7196662425995,0.9995629787445068
82,Left Knee,617.2639274597168,564.9780178070068,0.8299964666366577
82,Right Knee,136.55975818634033,507.5081706047058,0.9333136081695557
82,Left Ankle,482.969970703125,890.5933427810669,0.5679987072944641
82,Right Ankle,153.56310367584229,875.4472088813782,0.6957833766937256
83,Nose,383.5612964630127,-35.86131423711777,0.9999902248382568
83,Left Eye,409.66933250427246,-79.38496470451355,0.999980628490448
83,Right Eye,424.39945220947266,-72.73938417434692,0.9999786615371704
83,Left Ear,437.16264724731445,-66.34126961231232,0.9999704957008362
83,Right Ear,367.8106498718262,-91.57506555318832,0.9999793767929077
83,Left Shoulder,497.51644134521484,141.65565490722656,0.9999867081642151
83,Right Shoulder,159.046311378479,111.70066148042679,0.9999744892120361
83,Left Elbow,590.0448989868164,342.3542082309723,0.9950602650642395
83,Right Elbow,47.42609739303589,338.23108434677124,0.9984467625617981
83,Left Wrist,654.6777534484863,517.195794582367,0.9958347082138062
83,Right Wrist,160.64070224761963,482.0484173297882,0.994394063949585
83,Left Hip,397.38987922668457,486.67181611061096,0.999732255935669
83,Right Hip,202.31294631958008,494.25405621528625,0.999549925327301
83,Left Knee,617.1159553527832,564.2493152618408,0.8233022093772888
83,Right Knee,136.90351009368896,511.9093859195709,0.9308509826660156
83,Left Ankle,482.97237396240234,889.8856902122498,0.558518648147583
83,Right Ankle,144.37641620635986,875.0108885765076,0.6876327991485596
84,Nose,388.4024906158447,-36.40661805868149,0.9999902844429016
84,Left Eye,418.2311725616455,-79.45351392030716,0.9999803304672241
84,Right Eye,433.54236602783203,-73.31132233142853,0.9999783039093018
84,Left Ear,445.845308303833,-67.20282599329948,0.9999697804450989
84,Right Ear,370.8695983886719,-92.53289580345154,0.9999791979789734
84,Left Shoulder,499.1164970397949,142.29732513427734,0.9999864101409912
84,Right Shoulder,159.3887758255005,111.79504841566086,0.9999738335609436
84,Left Elbow,591.6146850585938,343.7046253681183,0.9950634837150574
84,Right Elbow,47.71409869194031,338.57715368270874,0.9984434843063354
84,Left Wrist,656.2697410583496,517.8604137897491,0.9958498477935791
84,Right Wrist,160.8426332473755,483.7057650089264,0.9943431615829468
84,Left Hip,397.78950691223145,487.27582812309265,0.9997245073318481
84,Right Hip,202.88490772247314,494.9752914905548,0.999538004398346
84,Left Knee,617.479419708252,559.3729305267334,0.8184476494789124
84,Right Knee,137.0586347579956,512.5393724441528,0.9290770888328552
84,Left Ankle,483.91937255859375,889.9189710617065,0.5530856251716614
84,Right Ankle,139.21594619750977,875.4472732543945,0.6832296848297119
85,Nose,391.4249610900879,-34.6616305410862,0.9999903440475464
85,Left Eye,421.2893486022949,-77.9892772436142,0.9999802708625793
85,Right Eye,436.02258682250977,-70.11448591947556,0.9999781250953674
85,Left Ear,447.9037284851074,-61.958219558000565,0.999969482421875
85,Right Ear,373.9756965637207,-92.56558120250702,0.9999791979789734
85,Left Shoulder,501.8011665344238,143.9590984582901,0.9999865293502808
85,Right Shoulder,160.31134128570557,113.09623628854752,0.9999737739562988
85,Left Elbow,596.8584823608398,348.75932335853577,0.995152473449707
85,Right Elbow,47.79920697212219,339.4132626056671,0.9984349012374878
85,Left Wrist,658.4674072265625,520.4748594760895,0.9958502650260925
85,Right Wrist,160.82453727722168,485.6173539161682,0.9941964745521545
85,Left Hip,400.3883743286133,487.58897066116333,0.999718964099884
85,Right Hip,205.63665390014648,495.37572383880615,0.9995302557945251
85,Left Knee,635.2163314819336,559.0920066833496,0.8120717406272888
85,Right Knee,136.18278980255127,512.8308212757111,0.9265540838241577
85,Left Ankle,484.1375541687012,890.1405429840088,0.5450620651245117
85,Right Ankle,135.47417163848877,876.487991809845,0.6771854162216187
86,Nose,393.2581615447998,-17.45131552219391,0.9999904036521912
86,Left Eye,423.76044273376465,-66.00358486175537,0.9999803304672241
86,Right Eye,438.57762336730957,-59.71910074353218,0.9999779462814331
86,Left Ear,450.5960941314697,-53.43404933810234,0.999969482421875
86,Right Ear,375.99294662475586,-77.1552363038063,0.9999793171882629
86,Left Shoulder,504.56851959228516,146.5296095609665,0.999986469745636
86,Right Shoulder,161.19132041931152,114.01835560798645,0.9999735951423645
86,Left Elbow,601.2613677978516,354.00331020355225,0.9951229095458984
86,Right Elbow,47.82464146614075,341.7021417617798,0.9984139204025269
86,Left Wrist,661.4985466003418,527.7047216892242,0.9956937432289124
86,Right Wrist,161.49377346038818,490.0857746601105,0.993857204914093
86,Left Hip,400.7840824127197,488.6930000782013,0.9997037649154663
86,Right Hip,205.61694145202637,496.6881287097931,0.9995113611221313
86,Left Knee,641.1740112304688,556.3856363296509,0.7992951273918152
86,Right Knee,124.4228982925415,506.3207459449768,0.921953558921814
86,Left Ankle,483.63962173461914,892.1523284912109,0.531529426574707
86,Right Ankle,131.63995742797852,880.5306172370911,0.6650750041007996
87,Nose,394.14061546325684,-14.148215353488922,0.9999905228614807
87,Left Eye,425.1612854003906,-61.6879977285862,0.9999802708625793
87,Right Eye,440.21678924560547,-54.668554812669754,0.9999778866767883
87,Left Ear,452.541446685791,-48.05937319993973,0.9999693036079407
87,Right Ear,377.45927810668945,-74.6333509683609,0.9999793767929077
87,Left Shoulder,505.78662872314453,148.55072915554047,0.9999863505363464
87,Right Shoulder,161.58923149108887,114.25843477249146,0.999973714351654
87,Left Elbow,602.8023147583008,354.44857835769653,0.9952724575996399
87,Right Elbow,48.364166021347046,342.7024984359741,0.9984487295150757
87,Left Wrist,663.6053466796875,532.0443642139435,0.9957243204116821
87,Right Wrist,162.99970149993896,493.8002908229828,0.9938439726829529
87,Left Hip,400.76459884643555,488.36894631385803,0.9996901750564575
87,Right Hip,205.56296825408936,496.67564034461975,0.9994994401931763
87,Left Knee,634.713191986084,554.8561334609985,0.7969282865524292
87,Right Knee,126.0556697845459,506.9002962112427,0.9211042523384094
87,Left Ankle,483.84132385253906,892.0355558395386,0.5283611416816711
87,Right Ankle,131.93417072296143,880.5177426338196,0.6661685705184937
88,Nose,399.53558921813965,-6.267394088208675,0.9999902844429016
88,Left Eye,428.81129264831543,-48.86150121688843,0.9999796748161316
88,Right Eye,442.4905586242676,-40.49360051751137,0.9999772906303406
88,Left Ear,453.9855766296387,-32.95129783451557,0.9999687075614929
88,Right Ear,384.40701484680176,-64.09257531166077,0.9999788999557495
88,Left Shoulder,506.51567459106445,150.45209884643555,0.9999862909317017
88,Right Shoulder,163.3234977722168,115.74290066957474,0.9999728202819824
88,Left Elbow,603.2330703735352,353.86661410331726,0.9953770041465759
88,Right Elbow,47.294429540634155,342.8686451911926,0.998437762260437
88,Left Wrist,664.6012115478516,537.2915053367615,0.9957250952720642
88,Right Wrist,164.6755886077881,497.1059739589691,0.9934700727462769
88,Left Hip,400.76537132263184,488.20897936820984,0.99966961145401
88,Right Hip,205.51969528198242,496.10928654670715,0.9994761943817139
88,Left Knee,637.7068519592285,555.1907444000244,0.7859435081481934
88,Right Knee,103.00960779190063,502.92577743530273,0.9143020510673523
88,Left Ankle,483.95227432250977,889.0228986740112,0.5160466432571411
88,Right Ankle,130.191650390625,863.0467772483826,0.6521249413490295
89,Nose,404.5668125152588,8.4517103433609,0.9999897480010986
89,Left Eye,434.60323333740234,-33.553028628230095,0.9999785423278809
89,Right Eye,447.9708480834961,-28.324951976537704,0.999975860118866
89,Left Ear,458.89142990112305,-23.47632609307766,0.9999673366546631
89,Right Ear,388.3960819244385,-45.692582577466965,0.9999778866767883
89,Left Shoulder,510.03942489624023,152.5464105606079,0.9999858736991882
89,Right Shoulder,164.54094886779785,117.46270626783371,0.9999710321426392
89,Left Elbow,607.3742294311523,358.44366431236267,0.9953972697257996
89,Right Elbow,47.273029088974,345.1239216327667,0.998421847820282
89,Left Wrist,666.9074821472168,541.9203758239746,0.9956187605857849
89,Right Wrist,168.18453311920166,502.5068700313568,0.9928476214408875
89,Left Hip,400.6941890716553,489.1326355934143,0.9996382594108582
89,Right Hip,205.49406051635742,495.9834694862366,0.9994368553161621
89,Left Knee,643.6540031433105,555.247585773468,0.7659328579902649
89,Right Knee,97.03726530075073,490.5745589733124,0.90538090467453
89,Left Ankle,483.7559509277344,890.7654118537903,0.4988730251789093
89,Right Ankle,114.08767461776733,860.9166097640991,0.6336254477500916
90,Nose,414.7288227081299,9.623964093625546,0.9999898672103882
90,Left Eye,443.6900997161865,-32.47380092740059,0.9999789595603943
90,Right Eye,456.31547927856445,-27.718777433037758,0.9999762177467346
90,Left Ear,466.33358001708984,-23.391929045319557,0.9999679923057556
90,Right Ear,397.6670837402344,-43.32604140043259,0.9999783635139465
90,Left Shoulder,511.86378479003906,154.538015127182,0.9999859929084778
90,Right Shoulder,166.14466667175293,119.43382412195206,0.9999704360961914
90,Left Elbow,611.1832809448242,361.67776465415955,0.9954953193664551
90,Right Elbow,47.240424156188965,349.26671147346497,0.998411238193512
90,Left Wrist,667.5827980041504,546.3542604446411,0.9956185817718506
90,Right Wrist,170.78839302062988,506.24552607536316,0.9925263524055481
90,Left Hip,400.12415885925293,491.1812102794647,0.9996273517608643
90,Right Hip,205.61708450317383,497.0269238948822,0.9994171261787415
90,Left Knee,648.1142807006836,556.0860443115234,0.7559800148010254
90,Right Knee,101.93508625030518,488.38809728622437,0.9007335305213928
90,Left Ankle,483.34447860717773,895.0252962112427,0.48877763748168945
90,Right Ankle,118.41525077819824,861.0269451141357,0.6215583682060242
91,Nose,419.19193267822266,17.856207713484764,0.9999904036521912
91,Left Eye,447.65313148498535,-22.827679440379143,0.999980092048645
91,Right Eye,459.95532989501953,-19.621663838624954,0.9999774098396301
91,Left Ear,469.7683811187744,-16.513801999390125,0.9999697208404541
91,Right Ear,401.9732666015625,-31.762682273983955,0.9999796152114868
91,Left Shoulder,513.8845825195312,156.60511314868927,0.999986469745636
91,Right Shoulder,168.6044454574585,121.12935304641724,0.9999710917472839
91,Left Elbow,615.0962448120117,366.4075720310211,0.9955860376358032
91,Right Elbow,46.328197717666626,352.1011197566986,0.9984273910522461
91,Left Wrist,668.580322265625,553.4665131568909,0.9956439137458801
91,Right Wrist,173.44458103179932,510.9757196903229,0.9922369718551636
91,Left Hip,400.1997470855713,493.87911558151245,0.9996110200881958
91,Right Hip,207.1235704421997,498.51107597351074,0.9993991255760193
91,Left Knee,647.9387283325195,561.4694952964783,0.7480921149253845
91,Right Knee,103.53408336639404,490.0216269493103,0.8969339728355408
91,Left Ankle,483.28691482543945,895.2051544189453,0.4811013638973236
91,Right Ankle,126.92380428314209,861.9446468353271,0.6159689426422119
92,Nose,420.88019371032715,22.32388213276863,0.9999906420707703
92,Left Eye,447.37438201904297,-15.974523089826107,0.9999807476997375
92,Right Eye,459.5928955078125,-13.59998356550932,0.9999780654907227
92,Left Ear,469.51151847839355,-10.97019698470831,0.9999707937240601
92,Right Ear,402.6462936401367,-22.10785835981369,0.9999803900718689
92,Left Shoulder,518.5058784484863,159.94206547737122,0.9999865889549255
92,Right Shoulder,169.22820568084717,126.12650960683823,0.999971330165863
92,Left Elbow,621.976146697998,373.4375238418579,0.9956176280975342
92,Right Elbow,44.79585886001587,358.08539628982544,0.9983954429626465
92,Left Wrist,669.4864654541016,558.940601348877,0.9954989552497864
92,Right Wrist,178.43095779418945,523.563734292984,0.9916331171989441
92,Left Hip,400.31704902648926,500.9866690635681,0.9995808005332947
92,Right Hip,207.1888017654419,503.61382842063904,0.9993687272071838
92,Left Knee,631.5104484558105,559.7468733787537,0.7355676889419556
92,Right Knee,100.03475904464722,491.6196870803833,0.8896772861480713
92,Left Ankle,483.3487129211426,895.3185796737671,0.46909573674201965
92,Right Ankle,127.92733669281006,863.066668510437,0.6066625714302063
93,Nose,418.8844299316406,32.77325011789799,0.9999904632568359
93,Left Eye,445.5586051940918,-6.220634635537863,0.9999805688858032
93,Right Eye,458.4986400604248,-4.62204996496439,0.9999778270721436
93,Left Ear,469.29224967956543,-2.717899912968278,0.9999708533287048
93,Right Ear,400.84951400756836,-12.759591825306416,0.9999802708625793
93,Left Shoulder,522.5387191772461,164.67950105667114,0.9999863505363464
93,Right Shoulder,170.08240699768066,127.5239834189415,0.9999696016311646
93,Left Elbow,629.0716552734375,383.1941878795624,0.995689868927002
93,Right Elbow,42.98030734062195,366.04528069496155,0.9983021020889282
93,Left Wrist,670.0078010559082,569.9263072013855,0.9953756332397461
93,Right Wrist,185.5285120010376,534.8042607307434,0.9903866052627563
93,Left Hip,399.54216957092285,501.9917571544647,0.9995273351669312
93,Right Hip,206.622576713562,504.7545826435089,0.9993055462837219
93,Left Knee,621.1291694641113,557.6645350456238,0.7300324440002441
93,Right Knee,86.23668909072876,490.06871581077576,0.8835201263427734
93,Left Ankle,483.1146812438965,892.5770616531372,0.46619147062301636
93,Right Ankle,128.78435611724854,857.5932240486145,0.6049823760986328
94,Nose,417.44399070739746,35.764255821704865,0.9999905824661255
94,Left Eye,446.9827079772949,-3.81257688626647,0.9999809861183167
94,Right Eye,461.57861709594727,-2.3702418711036444,0.999978244304657
94,Left Ear,473.6788558959961,-0.4703865176998079,0.9999716281890869
94,Right Ear,399.87287521362305,-9.312173388898373,0.9999807476997375
94,Left Shoulder,528.892707824707,170.52844941616058,0.9999862313270569
94,Right Shoulder,171.42478466033936,132.42211818695068,0.9999688267707825
94,Left Elbow,636.7585945129395,390.8306622505188,0.9957628846168518
94,Right Elbow,41.52061343193054,367.86449432373047,0.9982258081436157
94,Left Wrist,671.1030006408691,575.6128907203674,0.9952205419540405
94,Right Wrist,186.40554428100586,536.6885876655579,0.9891517162322998
94,Left Hip,399.2566394805908,507.62436389923096,0.9994695782661438
94,Right Hip,206.20765686035156,508.5244917869568,0.9992440342903137
94,Left Knee,617.6373481750488,557.2097396850586,0.7213354110717773
94,Right Knee,80.61881303787231,491.0338604450226,0.8759990334510803
94,Left Ankle,482.85655975341797,890.1416373252869,0.4588475823402405
94,Right Ankle,130.2867078781128,858.7593412399292,0.5984044075012207
95,Nose,418.1697177886963,46.16370052099228,0.9999908804893494
95,Left Eye,449.5752239227295,9.069436825811863,0.9999816417694092
95,Right Eye,464.81188774108887,10.67140057682991,0.9999788999557495
95,Left Ear,477.34105110168457,12.685485407710075,0.9999727010726929
95,Right Ear,400.9460163116455,1.196051649749279,0.9999815821647644
95,Left Shoulder,533.6072158813477,176.1657553911209,0.9999858736991882
95,Right Shoulder,175.0706148147583,134.66848701238632,0.9999685287475586
95,Left Elbow,644.2239761352539,395.63713788986206,0.9958016872406006
95,Right Elbow,41.1704421043396,373.4014427661896,0.998120129108429
95,Left Wrist,671.9746971130371,582.2433114051819,0.9950452446937561
95,Right Wrist,190.7596492767334,550.357038974762,0.988257110118866
95,Left Hip,399.4346237182617,509.88887786865234,0.9994074702262878
95,Right Hip,206.3992738723755,510.8004319667816,0.9991841912269592
95,Left Knee,616.0794067382812,557.2379350662231,0.7273513078689575
95,Right Knee,85.07846117019653,490.3429126739502,0.8759301900863647
95,Left Ankle,485.2793884277344,873.3681535720825,0.4665292501449585
95,Right Ankle,146.52026653289795,842.9548645019531,0.6095582246780396
96,Nose,421.98726654052734,50.51796779036522,0.9999909996986389
96,Left Eye,454.0964126586914,11.84068713337183,0.9999820590019226
96,Right Eye,468.90727043151855,13.175498843193054,0.9999794363975525
96,Left Ear,480.9075736999512,15.159649215638638,0.999973475933075
96,Right Ear,404.7153568267822,6.120788063853979,0.9999820590019226
96,Left Shoulder,536.7436408996582,179.33368027210236,0.999985933303833
96,Right Shoulder,176.9542694091797,136.58018052577972,0.9999667406082153
96,Left Elbow,648.3849334716797,397.2277307510376,0.9959318041801453
96,Right Elbow,41.14441752433777,378.2195055484772,0.998092770576477
96,Left Wrist,671.9007682800293,594.2708945274353,0.9951454401016235
96,Right Wrist,198.26961994171143,567.0383405685425,0.9879446029663086
96,Left Hip,399.35245513916016,510.27817368507385,0.9993851780891418
96,Right Hip,206.38978958129883,510.7582998275757,0.9991388320922852
96,Left Knee,613.5517501831055,558.4173130989075,0.7316029667854309
96,Right Knee,63.5599422454834,490.77643275260925,0.8718733787536621
96,Left Ankle,487.44678497314453,871.1967873573303,0.4741947054862976
96,Right Ankle,161.9910764694214,812.1711730957031,0.6143631339073181
97,Nose,422.6744270324707,54.42070662975311,0.9999908208847046
97,Left Eye,456.1002445220947,17.007495760917664,0.999981701374054
97,Right Eye,471.39378547668457,18.115886449813843,0.9999791383743286
97,Left Ear,483.69604110717773,19.801153913140297,0.9999732971191406
97,Right Ear,405.50479888916016,11.347181461751461,0.9999819397926331
97,Left Shoulder,538.7137413024902,180.76577067375183,0.9999852180480957
97,Right Shoulder,179.38133239746094,139.21986043453217,0.9999627470970154
97,Left Elbow,654.8003768920898,399.6264624595642,0.9959582090377808
97,Right Elbow,40.38707613945007,383.1839847564697,0.9979674816131592
97,Left Wrist,672.6409721374512,599.3928623199463,0.9950761198997498
97,Right Wrist,200.98397254943848,576.5851163864136,0.9867928624153137
97,Left Hip,399.19495582580566,509.9602675437927,0.9993299245834351
97,Right Hip,207.22017288208008,510.587260723114,0.9990679025650024
97,Left Knee,614.534969329834,558.444607257843,0.7273939251899719
97,Right Knee,52.02985882759094,489.3294882774353,0.8655050992965698
97,Left Ankle,485.4397773742676,871.6389656066895,0.4722632169723511
97,Right Ankle,143.13241481781006,815.6411361694336,0.6154701709747314
98,Nose,424.29576873779297,70.88882893323898,0.9999913573265076
98,Left Eye,456.740140914917,36.726620346307755,0.9999825954437256
98,Right Eye,471.6770839691162,38.581009805202484,0.9999803900718689
98,Left Ear,483.9473533630371,40.4609714448452,0.9999746680259705
98,Right Ear,406.9824028015137,28.04787039756775,0.9999829530715942
98,Left Shoulder,543.4221839904785,184.7697401046753,0.9999856352806091
98,Right Shoulder,182.92712688446045,145.1983916759491,0.9999630451202393
98,Left Elbow,667.1746444702148,406.3005602359772,0.9960885047912598
98,Right Elbow,40.51769256591797,391.6314625740051,0.9979185461997986
98,Left Wrist,672.5517654418945,607.049195766449,0.9951157569885254
98,Right Wrist,204.5833396911621,589.0712285041809,0.9863197207450867
98,Left Hip,406.40101432800293,510.53386330604553,0.9993353486061096
98,Right Hip,216.82339668273926,510.73824763298035,0.9990723729133606
98,Left Knee,615.2129745483398,560.2513647079468,0.7283363938331604
98,Right Knee,57.42280840873718,487.56354331970215,0.8618230819702148
98,Left Ankle,481.8336868286133,873.5242581367493,0.471725195646286
98,Right Ankle,151.37495040893555,808.4647679328918,0.6206583976745605
99,Nose,424.47604179382324,79.5837727189064,0.9999915361404419
99,Left Eye,457.1180248260498,43.17764550447464,0.999982476234436
99,Right Eye,472.19847679138184,44.90933194756508,0.9999805092811584
99,Left Ear,484.61448669433594,46.78515762090683,0.9999746084213257
99,Right Ear,406.86421394348145,37.05467328429222,0.9999830722808838
99,Left Shoulder,548.8703727722168,189.5776802301407,0.9999850988388062
99,Right Shoulder,185.93750953674316,148.33355069160461,0.9999614357948303
99,Left Elbow,677.6054763793945,416.48852348327637,0.9961773753166199
99,Right Elbow,40.34715414047241,399.1429567337036,0.9977977871894836
99,Left Wrist,672.6227188110352,622.4155497550964,0.9948893189430237
99,Right Wrist,204.70978260040283,600.544753074646,0.9850835204124451
99,Left Hip,409.1503715515137,511.19046807289124,0.9993088245391846
99,Right Hip,222.58951663970947,510.91121792793274,0.9990367889404297
99,Left Knee,615.692253112793,561.2626647949219,0.7182810306549072
99,Right Knee,49.59486365318298,483.1501293182373,0.8515890836715698
99,Left Ankle,481.63490295410156,874.4254803657532,0.4615213871002197
99,Right Ankle,151.0960292816162,806.1271262168884,0.6140125393867493
100,Nose,425.05542755126953,94.58359479904175,0.9999899864196777
100,Left Eye,456.8371295928955,56.45948454737663,0.9999787211418152
100,Right Eye,472.07204818725586,58.19314643740654,0.9999767541885376
100,Left Ear,484.7229194641113,59.66536536812782,0.9999698400497437
100,Right Ear,406.8812370300293,48.83533760905266,0.9999802708625793
100,Left Shoulder,551.8848037719727,192.32827484607697,0.9999830722808838
100,Right Shoulder,189.72980976104736,150.8978819847107,0.9999579787254333
100,Left Elbow,683.7652015686035,420.88829040527344,0.9961698651313782
100,Right Elbow,40.35837650299072,406.35505199432373,0.99759840965271
100,Left Wrist,672.740535736084,634.3279051780701,0.9943314790725708
100,Right Wrist,205.0070285797119,607.4464416503906,0.9831600785255432
100,Left Hip,409.094295501709,509.7221839427948,0.999192476272583
100,Right Hip,224.03770923614502,510.8591401576996,0.9989049434661865
100,Left Knee,613.8448333740234,562.0846438407898,0.709043562412262
100,Right Knee,55.038238763809204,483.3598244190216,0.8405079245567322
100,Left Ankle,479.6407985687256,875.054726600647,0.45303717255592346
100,Right Ankle,159.40641403198242,806.7682814598083,0.603671133518219
101,Nose,430.0466537475586,106.89937591552734,0.99998939037323
101,Left Eye,461.8926429748535,66.13445922732353,0.9999774098396301
101,Right Eye,477.8169536590576,66.6198518872261,0.9999755620956421
101,Left Ear,490.5678176879883,67.30139315128326,0.9999681711196899
101,Right Ear,409.52693939208984,60.03346234560013,0.9999792575836182
101,Left Shoulder,557.296085357666,196.3387781381607,0.9999822974205017
101,Right Shoulder,192.95658588409424,158.72132778167725,0.9999558925628662
101,Left Elbow,688.7392616271973,424.2470169067383,0.996147096157074
101,Right Elbow,40.37522792816162,411.8008804321289,0.9974261522293091
101,Left Wrist,674.2041778564453,643.6026406288147,0.9939128160476685
101,Right Wrist,204.36511516571045,617.2152400016785,0.9814652800559998
101,Left Hip,410.3238773345947,506.129686832428,0.9991426467895508
101,Right Hip,227.60717868804932,509.9304950237274,0.9988275766372681
101,Left Knee,612.5196075439453,565.8480191230774,0.6954704523086548
101,Right Knee,49.92364168167114,480.3688609600067,0.8284048438072205
101,Left Ankle,476.06051445007324,886.1161351203918,0.4424208402633667
101,Right Ankle,161.9981288909912,791.4834237098694,0.5915212035179138
102,Nose,434.0627861022949,113.93590182065964,0.9999814033508301
102,Left Eye,465.26347160339355,76.07096940279007,0.999961793422699
102,Right Eye,480.3701591491699,76.45935595035553,0.9999578595161438
102,Left Ear,492.8287124633789,77.2509428858757,0.9999485015869141
102,Right Ear,413.87014389038086,69.11858707666397,0.999966561794281
102,Left Shoulder,561.2064170837402,205.65567791461945,0.9999786019325256
102,Right Shoulder,194.5673704147339,171.70040845870972,0.9999451041221619
102,Left Elbow,690.1737785339355,430.194890499115,0.9961451888084412
102,Right Elbow,40.43510556221008,423.4026038646698,0.9972025156021118
102,Left Wrist,675.6795501708984,651.7477583885193,0.9933785796165466
102,Right Wrist,207.1316957473755,632.3362040519714,0.9788776636123657
102,Left Hip,411.24372482299805,506.1016845703125,0.9989340901374817
102,Right Hip,227.78849601745605,512.51220703125,0.9985517263412476
102,Left Knee,611.7466163635254,572.011284828186,0.6807874441146851
102,Right Knee,74.90457773208618,480.7549059391022,0.807591438293457
102,Left Ankle,476.0768508911133,886.5805220603943,0.4337468445301056
102,Right Ankle,174.90965366363525,780.5678844451904,0.5755300521850586
103,Nose,436.6116714477539,126.60209745168686,0.999980628490448
103,Left Eye,468.2113552093506,89.56615269184113,0.9999606609344482
103,Right Eye,483.7053680419922,89.52878415584564,0.9999572038650513
103,Left Ear,496.0993766784668,89.56440657377243,0.9999472498893738
103,Right Ear,415.7336139678955,82.92883604764938,0.9999655485153198
103,Left Shoulder,566.5894317626953,213.95078480243683,0.9999780058860779
103,Right Shoulder,196.3355255126953,180.32822728157043,0.9999390244483948
103,Left Elbow,695.767993927002,443.0833661556244,0.9962318539619446
103,Right Elbow,41.8591582775116,429.6030128002167,0.996952474117279
103,Left Wrist,676.9370269775391,669.0232229232788,0.9932487607002258
103,Right Wrist,211.24624729156494,649.8251938819885,0.9771233797073364
103,Left Hip,411.7141914367676,506.07529163360596,0.9988997578620911
103,Right Hip,227.87641525268555,512.6923227310181,0.9984732866287231
103,Left Knee,609.4070434570312,573.0003118515015,0.6820690631866455
103,Right Knee,77.46462821960449,481.01954340934753,0.7989974021911621
103,Left Ankle,478.8882350921631,874.5398712158203,0.43356603384017944
103,Right Ankle,190.30192852020264,725.9336686134338,0.5734614729881287
104,Nose,441.7082405090332,135.18936932086945,0.9999756813049316
104,Left Eye,474.3003559112549,99.02820557355881,0.99994957447052
104,Right Eye,489.9434280395508,98.68372142314911,0.999945878982544
104,Left Ear,501.793212890625,98.2427179813385,0.9999329447746277
104,Right Ear,419.53256607055664,92.32295125722885,0.999955952167511
104,Left Shoulder,571.4933395385742,223.48590910434723,0.9999744296073914
104,Right Shoulder,197.81245708465576,194.20014560222626,0.9999303221702576
104,Left Elbow,702.7496910095215,459.0714991092682,0.9962111711502075
104,Right Elbow,44.770445823669434,442.0173490047455,0.9967739582061768
104,Left Wrist,680.7131195068359,692.4212050437927,0.9926589727401733
104,Right Wrist,214.37142848968506,662.9317331314087,0.9752746820449829
104,Left Hip,412.00653076171875,507.0252764225006,0.998773455619812
104,Right Hip,228.50478172302246,514.9789488315582,0.9983273148536682
104,Left Knee,608.7641143798828,573.9715075492859,0.6683329939842224
104,Right Knee,98.89793872833252,484.1933262348175,0.781804621219635
104,Left Ankle,481.4109992980957,875.1326823234558,0.4219415783882141
104,Right Ankle,201.2406349182129,750.2231526374817,0.563058614730835
105,Nose,441.32686614990234,150.05659103393555,0.9999687075614929
105,Left Eye,474.7323703765869,113.61931532621384,0.9999335408210754
105,Right Eye,490.5095100402832,113.97641658782959,0.9999309778213501
105,Left Ear,502.72705078125,114.2167854309082,0.999911367893219
105,Right Ear,419.82739448547363,105.49107939004898,0.9999411106109619
105,Left Shoulder,576.0506629943848,232.3151993751526,0.9999727606773376
105,Right Shoulder,201.0671854019165,203.94329130649567,0.9999269843101501
105,Left Elbow,709.7709274291992,474.304279088974,0.9961268305778503
105,Right Elbow,50.207533836364746,461.66396141052246,0.9965807795524597
105,Left Wrist,683.1744575500488,709.1663002967834,0.9920095801353455
105,Right Wrist,219.37148094177246,677.1186447143555,0.9736523032188416
105,Left Hip,413.80977630615234,508.5117781162262,0.9987025260925293
105,Right Hip,231.13863945007324,518.0134284496307,0.9982692003250122
105,Left Knee,608.5863876342773,575.447838306427,0.641923725605011
105,Right Knee,105.093834400177,508.6280035972595,0.7584599852561951
105,Left Ankle,485.49448013305664,881.673367023468,0.3997664153575897
105,Right Ankle,219.17261123657227,809.1095280647278,0.546855628490448
106,Nose,441.3416576385498,166.1240315437317,0.9999597072601318
106,Left Eye,476.2942314147949,127.27064341306686,0.9999094605445862
106,Right Eye,492.19356536865234,127.86289930343628,0.9999089241027832
106,Left Ear,504.63924407958984,128.2782018184662,0.9998801350593567
106,Right Ear,422.4179935455322,117.84044712781906,0.9999180436134338
106,Left Shoulder,579.1862297058105,240.33805668354034,0.9999707341194153
106,Right Shoulder,209.12502765655518,203.15921187400818,0.9999203085899353
106,Left Elbow,710.9621429443359,483.9870750904083,0.9961903691291809
106,Right Elbow,56.605353355407715,469.6387803554535,0.9963696002960205
106,Left Wrist,686.8497848510742,722.0928525924683,0.9917290806770325
106,Right Wrist,225.49145221710205,696.4183831214905,0.9719650149345398
106,Left Hip,416.5708923339844,508.73457312583923,0.9986907839775085
106,Right Hip,237.30387210845947,518.8593864440918,0.9982731342315674
106,Left Knee,611.1492919921875,580.5275130271912,0.6270959973335266
106,Right Knee,111.85345888137817,524.7800302505493,0.7443321943283081
106,Left Ankle,488.91191482543945,880.7709217071533,0.38695499300956726
106,Right Ankle,239.95604038238525,822.6570224761963,0.5414105653762817
107,Nose,441.996488571167,184.3915969133377,0.9999560713768005
107,Left Eye,479.05248641967773,142.93241322040558,0.999896228313446
107,Right Eye,495.14305114746094,143.57738256454468,0.9998982548713684
107,Left Ear,507.9211235046387,144.10662531852722,0.9998629093170166
107,Right Ear,424.9514865875244,132.47286826372147,0.999904453754425
107,Left Shoulder,582.5996589660645,252.84735918045044,0.9999708533287048
107,Right Shoulder,220.73501586914062,207.50731945037842,0.9999192357063293
107,Left Elbow,712.8638648986816,495.37559509277344,0.9962764978408813
107,Right Elbow,64.65029239654541,481.11323833465576,0.9961923956871033
107,Left Wrist,686.6917991638184,747.2740316390991,0.9916756749153137
107,Right Wrist,229.03405666351318,712.3937058448792,0.9710812568664551
107,Left Hip,424.4836235046387,512.2959458827972,0.9987421035766602
107,Right Hip,247.0535373687744,520.1319444179535,0.9983462691307068
107,Left Knee,616.8645858764648,594.1111850738525,0.6030439138412476
107,Right Knee,112.8716254234314,545.7147145271301,0.7210184931755066
107,Left Ankle,494.54206466674805,893.9058494567871,0.36650314927101135
107,Right Ankle,223.85194301605225,845.5237984657288,0.5232122540473938
108,Nose,445.4861640930176,204.40386414527893,0.9999538064002991
108,Left Eye,482.742977142334,165.3756469488144,0.9998905658721924
108,Right Eye,498.6555862426758,166.05819404125214,0.9998933672904968
108,Left Ear,511.1730766296387,166.1417019367218,0.9998570680618286
108,Right Ear,429.5866298675537,153.42394351959229,0.9998975396156311
108,Left Shoulder,586.9050979614258,263.7860405445099,0.9999715089797974
108,Right Shoulder,222.91597366333008,227.34800040721893,0.9999196529388428
108,Left Elbow,715.777587890625,510.82653522491455,0.9962681531906128
108,Right Elbow,75.04412412643433,495.3579246997833,0.9960046410560608
108,Left Wrist,686.3751983642578,761.2825655937195,0.9913995265960693
108,Right Wrist,232.51861095428467,730.819902420044,0.9698050022125244
108,Left Hip,428.5216426849365,512.5566565990448,0.9988001585006714
108,Right Hip,251.28559112548828,519.9754536151886,0.9984298348426819
108,Left Knee,617.4184799194336,601.278669834137,0.5787986516952515
108,Right Knee,117.75919675827026,566.5337204933167,0.7019467949867249
108,Left Ankle,496.5685844421387,901.9394087791443,0.34904131293296814
108,Right Ankle,230.53097248077393,874.4215536117554,0.5049939751625061
109,Nose,454.8987007141113,227.33341991901398,0.9999545216560364
109,Left Eye,490.2934455871582,186.65796160697937,0.999893307685852
109,Right Eye,505.1542854309082,186.24494433403015,0.9998962879180908
109,Left Ear,516.921329498291,185.22220194339752,0.9998618364334106
109,Right Ear,439.0405082702637,177.7576196193695,0.9998985528945923
109,Left Shoulder,591.0433387756348,271.66149973869324,0.9999731183052063
109,Right Shoulder,225.60622215270996,240.82109570503235,0.999919056892395
109,Left Elbow,717.7737808227539,525.087765455246,0.9963507056236267
109,Right Elbow,87.12635278701782,508.38209867477417,0.9956578016281128
109,Left Wrist,686.9831657409668,781.8808364868164,0.9915006756782532
109,Right Wrist,235.72606086730957,745.6409525871277,0.9679974317550659
109,Left Hip,431.5879154205322,513.8966774940491,0.998870849609375
109,Right Hip,252.33223915100098,520.2847337722778,0.9985157251358032
109,Left Knee,617.9725456237793,609.0388369560242,0.5568395853042603
109,Right Knee,124.29967403411865,586.0947489738464,0.6803075671195984
109,Left Ankle,496.7256546020508,913.9537310600281,0.33165132999420166
109,Right Ankle,235.2124786376953,879.2438650131226,0.4804607629776001
110,Nose,458.16075325012207,241.3959789276123,0.9999457001686096
110,Left Eye,493.53160858154297,203.36385369300842,0.9998726844787598
110,Right Eye,508.6640739440918,202.950981259346,0.9998728036880493
110,Left Ear,520.697135925293,201.9356256723404,0.999839186668396
110,Right Ear,441.82225227355957,192.0244824886322,0.9998749494552612
110,Left Shoulder,592.1078681945801,282.01123237609863,0.9999727010726929
110,Right Shoulder,226.89818859100342,252.54012286663055,0.9999077320098877
110,Left Elbow,721.3121223449707,539.3908703327179,0.9964625239372253
110,Right Elbow,98.00178050994873,523.5725212097168,0.9952046871185303
110,Left Wrist,686.5953254699707,801.1216735839844,0.9914743900299072
110,Right Wrist,234.8111915588379,768.6422038078308,0.965635359287262
110,Left Hip,430.73375701904297,514.7024023532867,0.9988695979118347
110,Right Hip,250.90662002563477,521.8469381332397,0.998511016368866
110,Left Knee,616.2929534912109,616.6933679580688,0.5269898772239685
110,Right Knee,152.1571397781372,612.1289992332458,0.6441221237182617
110,Left Ankle,498.0187225341797,922.6584434509277,0.3069870173931122
110,Right Ankle,228.38386058807373,914.5037341117859,0.44776201248168945
111,Nose,459.0468120574951,254.05758798122406,0.9999272227287292
111,Left Eye,495.59743881225586,217.93157994747162,0.9998213648796082
111,Right Eye,511.2806510925293,218.47160518169403,0.9998131990432739
111,Left Ear,523.8154792785645,218.14399480819702,0.9997819662094116
111,Right Ear,443.9590644836426,206.28160893917084,0.9998160600662231
111,Left Shoulder,593.3476066589355,290.40408968925476,0.9999687075614929
111,Right Shoulder,226.80243015289307,269.906530380249,0.9998821020126343
111,Left Elbow,726.0492897033691,550.0952982902527,0.9965271949768066
111,Right Elbow,114.6726393699646,548.3915376663208,0.9947761297225952
111,Left Wrist,686.7709922790527,819.562611579895,0.9907829165458679
111,Right Wrist,268.9822196960449,800.3585958480835,0.9634916186332703
111,Left Hip,429.7404384613037,515.0150620937347,0.9988592863082886
111,Right Hip,249.72046852111816,524.1389715671539,0.9985108971595764
111,Left Knee,616.834888458252,623.3644723892212,0.5012845396995544
111,Right Knee,180.62157154083252,629.0329670906067,0.6121910810470581
111,Left Ankle,499.4044876098633,919.6334266662598,0.2831386625766754
111,Right Ankle,229.08312320709229,916.6529560089111,0.41283780336380005
112,Nose,464.5019817352295,266.22827231884,0.9999163150787354
112,Left Eye,500.83648681640625,231.4903074502945,0.9997889995574951
112,Right Eye,516.6719627380371,232.0215618610382,0.9997759461402893
112,Left Ear,529.0228271484375,231.68873727321625,0.9997454285621643
112,Right Ear,448.4209728240967,219.60650146007538,0.999775767326355
112,Left Shoulder,595.2567100524902,297.8792130947113,0.9999659657478333
112,Right Shoulder,233.17153930664062,278.7117612361908,0.999855637550354
112,Left Elbow,728.2122802734375,564.36190366745,0.9966927170753479
112,Right Elbow,137.20965385437012,559.925057888031,0.9947523474693298
112,Left Wrist,687.8895950317383,835.8182787895203,0.9906076788902283
112,Right Wrist,303.6666011810303,839.8754525184631,0.9638375043869019
112,Left Hip,429.13453102111816,515.6924915313721,0.9988738298416138
112,Right Hip,247.97189712524414,526.4244389533997,0.9985494613647461
112,Left Knee,617.0606803894043,627.3030710220337,0.4987143278121948
112,Right Knee,180.54559707641602,646.1220717430115,0.5975080132484436
112,Left Ankle,497.5322914123535,918.1323766708374,0.267073392868042
112,Right Ankle,224.4014024734497,925.7612228393555,0.3848048448562622
113,Nose,469.41081047058105,280.32140851020813,0.9999091029167175
113,Left Eye,505.2184295654297,246.8411636352539,0.9997739791870117
113,Right Eye,521.070671081543,247.23026633262634,0.9997537136077881
113,Left Ear,533.5578346252441,246.53539180755615,0.9997267127037048
113,Right Ear,451.9291591644287,234.3467152118683,0.9997515082359314
113,Left Shoulder,601.655445098877,310.62957644462585,0.9999650120735168
113,Right Shoulder,237.82316207885742,292.58511185646057,0.9998340606689453
113,Left Elbow,731.8337631225586,581.4147019386292,0.996867299079895
113,Right Elbow,147.9696750640869,582.0808982849121,0.994825541973114
113,Left Wrist,688.7309646606445,856.0045623779297,0.9905160069465637
113,Right Wrist,299.955997467041,844.1529750823975,0.9648443460464478
113,Left Hip,429.29062843322754,516.0902202129364,0.9988566040992737
113,Right Hip,246.7994499206543,530.3500986099243,0.9985595345497131
113,Left Knee,617.1150970458984,632.8731393814087,0.49584195017814636
113,Right Knee,206.5406370162964,646.7697286605835,0.5799326300621033
113,Left Ankle,494.4474220275879,924.6379137039185,0.25336670875549316
113,Right Ankle,236.11573219299316,939.6407532691956,0.35970574617385864
114,Nose,474.6287441253662,295.78625321388245,0.9998926520347595
114,Left Eye,512.054615020752,263.4736382961273,0.9997512698173523
114,Right Eye,527.3200035095215,264.68206465244293,0.9997149705886841
114,Left Ear,539.7777557373047,264.4490021467209,0.9997000098228455
114,Right Ear,458.34288597106934,249.1147381067276,0.9997187256813049
114,Left Shoulder,605.3152656555176,321.55943870544434,0.999962568283081
114,Right Shoulder,242.77997016906738,295.9872901439667,0.999801754951477
114,Left Elbow,734.1458129882812,595.6520175933838,0.9969923496246338
114,Right Elbow,161.55531406402588,594.4533920288086,0.9947205781936646
114,Left Wrist,689.0691947937012,874.1067695617676,0.9901057481765747
114,Right Wrist,299.9454402923584,855.3021883964539,0.9650269150733948
114,Left Hip,428.83761405944824,518.6137068271637,0.9987874031066895
114,Right Hip,243.4577751159668,535.4485380649567,0.9985175728797913
114,Left Knee,616.8234443664551,637.0873188972473,0.49666982889175415
114,Right Knee,219.29394721984863,666.9574928283691,0.5629662871360779
114,Left Ankle,493.5578155517578,922.1983051300049,0.2415781468153
114,Right Ankle,251.50242805480957,939.8999190330505,0.33655697107315063
115,Nose,479.72660064697266,311.6193437576294,0.9998940825462341
115,Left Eye,519.2172431945801,278.4468340873718,0.9997437596321106
115,Right Eye,533.9444160461426,279.9880850315094,0.9997117519378662
115,Left Ear,545.9222602844238,280.0568675994873,0.9996954202651978
115,Right Ear,463.4054374694824,262.55423069000244,0.9997010827064514
115,Left Shoulder,607.6527214050293,337.8054177761078,0.9999616146087646
115,Right Shoulder,247.16174125671387,307.61807799339294,0.999730110168457
115,Left Elbow,736.5735626220703,605.1970553398132,0.9972028732299805
115,Right Elbow,179.8888921737671,620.0596261024475,0.9949120879173279
115,Left Wrist,688.2638740539551,891.385645866394,0.9902875423431396
115,Right Wrist,311.3693618774414,883.0076909065247,0.9659612774848938
115,Left Hip,429.6579837799072,523.1348168849945,0.998828649520874
115,Right Hip,243.08544158935547,535.0061023235321,0.9985676407814026
115,Left Knee,618.0793190002441,638.8214635848999,0.5125588774681091
115,Right Knee,240.61969757080078,663.0943393707275,0.5612713694572449
115,Left Ankle,491.0020065307617,920.7125115394592,0.2393517941236496
115,Right Ankle,261.9935989379883,941.8178486824036,0.32886236906051636
116,Nose,482.8515815734863,326.04124903678894,0.9998887777328491
116,Left Eye,522.5594902038574,289.9179768562317,0.9997150301933289
116,Right Eye,537.6696395874023,290.59292793273926,0.9996907711029053
116,Left Ear,549.6446800231934,290.1960039138794,0.9996644258499146
116,Right Ear,466.0960006713867,274.8276221752167,0.9996569156646729
116,Left Shoulder,614.1720771789551,348.7778306007385,0.9999578595161438
116,Right Shoulder,250.40282249450684,316.11167907714844,0.9996439218521118
116,Left Elbow,736.1687850952148,621.454074382782,0.9973564147949219
116,Right Elbow,183.45703125,631.636598110199,0.995028018951416
116,Left Wrist,685.8024215698242,908.4898781776428,0.9902933239936829
116,Right Wrist,319.9358654022217,889.5593190193176,0.967168927192688
116,Left Hip,434.5818042755127,526.8880534172058,0.9988474249839783
116,Right Hip,245.95284461975098,535.2208185195923,0.9985947608947754
116,Left Knee,618.3665084838867,644.4542956352234,0.5261474847793579
116,Right Knee,225.85689067840576,662.8078150749207,0.5607629418373108
116,Left Ankle,490.1392936706543,919.7538685798645,0.23725655674934387
116,Right Ankle,254.11834716796875,933.863275051117,0.32491180300712585
117,Nose,490.9430694580078,348.9494490623474,0.9997739195823669
117,Left Eye,531.3022613525391,310.50984263420105,0.9995086193084717
117,Right Eye,545.2556991577148,309.50810194015503,0.9994884133338928
117,Left Ear,556.9865798950195,308.39213132858276,0.9994270205497742
117,Right Ear,478.57194900512695,302.42311120033264,0.9993928074836731
117,Left Shoulder,622.4529647827148,365.0302469730377,0.9999485015869141
117,Right Shoulder,252.7101230621338,323.2331049442291,0.9994170665740967
117,Left Elbow,737.3126792907715,644.3007659912109,0.9973560571670532
117,Right Elbow,199.93459224700928,636.6924548149109,0.9947245717048645
117,Left Wrist,677.5850486755371,921.2869119644165,0.9902664422988892
117,Right Wrist,318.3384132385254,892.2841000556946,0.9683882594108582
117,Left Hip,443.8047981262207,532.8004252910614,0.9987953901290894
117,Right Hip,254.2228889465332,534.8043894767761,0.9984860420227051
117,Left Knee,618.6265182495117,650.9888005256653,0.5245435833930969
117,Right Knee,214.5320749282837,683.6288166046143,0.5372551679611206
117,Left Ankle,489.09873962402344,919.5231556892395,0.224997878074646
117,Right Ankle,254.19848442077637,928.0300498008728,0.3035579025745392
118,Nose,489.27629470825195,364.60367918014526,0.9996678233146667
118,Left Eye,530.368709564209,327.9688024520874,0.999387264251709
118,Right Eye,545.1559066772461,327.41509795188904,0.9993708729743958
118,Left Ear,557.1441650390625,326.280072927475,0.999308705329895
118,Right Ear,476.53844833374023,317.47670888900757,0.9992047548294067
118,Left Shoulder,629.4637298583984,386.446795463562,0.9999427199363708
118,Right Shoulder,256.80201530456543,331.93195939064026,0.9990759491920471
118,Left Elbow,740.7615852355957,663.032283782959,0.997394323348999
118,Right Elbow,215.39387226104736,639.0128445625305,0.9932186603546143
118,Left Wrist,673.996639251709,945.7451176643372,0.9902752041816711
118,Right Wrist,318.045072555542,890.1496839523315,0.965588390827179
118,Left Hip,451.1758232116699,541.0514044761658,0.9987285733222961
118,Right Hip,268.7804317474365,536.2592196464539,0.9982708096504211
118,Left Knee,618.9776229858398,661.4209628105164,0.5231162905693054
118,Right Knee,212.1143102645874,687.914514541626,0.5161859393119812
118,Left Ankle,481.1483573913574,919.0805912017822,0.21527329087257385
118,Right Ankle,257.57168769836426,927.2153449058533,0.28429609537124634
119,Nose,488.41461181640625,378.2087230682373,0.9996018409729004
119,Left Eye,531.4362144470215,340.8924901485443,0.9993175268173218
119,Right Eye,546.8710327148438,340.18911838531494,0.999306321144104
119,Left Ear,559.1634750366211,339.0729224681854,0.999241828918457
119,Right Ear,475.9628963470459,330.1711320877075,0.9990769624710083
119,Left Shoulder,638.6290168762207,398.7604522705078,0.9999390840530396
119,Right Shoulder,259.8325824737549,338.1370997428894,0.9988059997558594
119,Left Elbow,739.7192001342773,671.3503074645996,0.9973989725112915
119,Right Elbow,231.43654346466064,645.2661681175232,0.9918504357337952
119,Left Wrist,672.8108596801758,957.0794034004211,0.9901723861694336
119,Right Wrist,318.46856117248535,889.038348197937,0.9628322720527649
119,Left Hip,462.4475383758545,556.930103302002,0.9986767172813416
119,Right Hip,279.1585350036621,544.7596120834351,0.9980776906013489
119,Left Knee,619.552173614502,674.2472219467163,0.5165618658065796
119,Right Knee,206.55803203582764,687.9629230499268,0.494378924369812
119,Left Ankle,473.85706901550293,918.7959337234497,0.20664571225643158
119,Right Ankle,257.70907402038574,912.3312735557556,0.26573386788368225
120,Nose,492.3900032043457,396.5489172935486,0.9994654655456543
120,Left Eye,534.5827674865723,356.7136073112488,0.9992003440856934
120,Right Eye,549.7099113464355,355.04634618759155,0.9991623759269714
120,Left Ear,561.9366073608398,352.9833197593689,0.9991227388381958
120,Right Ear,479.2715835571289,349.97761487960815,0.9988815784454346
120,Left Shoulder,641.0476684570312,406.5866982936859,0.9999315738677979
120,Right Shoulder,262.45370864868164,348.5790145397186,0.998583197593689
120,Left Elbow,739.0600776672363,684.5693063735962,0.9972600340843201
120,Right Elbow,246.16507530212402,655.957818031311,0.9909987449645996
120,Left Wrist,673.2660484313965,989.5029973983765,0.9894240498542786
120,Right Wrist,322.8523349761963,902.6573610305786,0.9620122909545898
120,Left Hip,465.6061363220215,558.072338104248,0.9986860752105713
120,Right Hip,280.57923316955566,550.3238224983215,0.9979774355888367
120,Left Knee,621.8281173706055,683.0979323387146,0.5083557963371277
120,Right Knee,196.6241455078125,718.7568497657776,0.47058242559432983
120,Left Ankle,471.1711120605469,921.7654609680176,0.1974279135465622
120,Right Ankle,251.45773887634277,910.7985520362854,0.2456084042787552
121,Nose,491.8264961242676,422.154700756073,0.999408483505249
121,Left Eye,533.8576698303223,384.5816195011139,0.9991869330406189
121,Right Eye,547.4477577209473,382.3031687736511,0.9991375803947449
121,Left Ear,559.7430610656738,379.6208095550537,0.9991170167922974
121,Right Ear,474.607572555542,374.71680879592896,0.9988058805465698
121,Left Shoulder,649.6769142150879,428.8937187194824,0.9999323487281799
121,Right Shoulder,265.4926013946533,353.9932358264923,0.9985107183456421
121,Left Elbow,738.5599136352539,702.7288055419922,0.997144877910614
121,Right Elbow,260.24471282958984,654.7015142440796,0.9888680577278137
121,Left Wrist,673.3693313598633,1023.5360455513,0.9887619614601135
121,Right Wrist,329.73538398742676,917.6055479049683,0.9581688642501831
121,Left Hip,481.08747482299805,571.3096189498901,0.9987447261810303
121,Right Hip,292.19069480895996,550.8028221130371,0.9979907274246216
121,Left Knee,625.9115409851074,694.7610998153687,0.4912605583667755
121,Right Knee,191.03805541992188,718.8899731636047,0.44962799549102783
121,Left Ankle,468.11081886291504,936.9923186302185,0.18815010786056519
121,Right Ankle,253.89761924743652,910.5005049705505,0.2276640236377716
122,Nose,490.25333404541016,434.47917222976685,0.9993377327919006
122,Left Eye,531.7731857299805,398.25332164764404,0.9991927146911621
122,Right Eye,546.5520286560059,396.6749596595764,0.9991133809089661
122,Left Ear,559.7032928466797,393.98374915122986,0.999122679233551
122,Right Ear,474.47882652282715,386.15676283836365,0.9987636804580688
122,Left Shoulder,656.7568016052246,448.5177683830261,0.9999297261238098
122,Right Shoulder,275.76364517211914,353.8921058177948,0.998422384262085
122,Left Elbow,738.3831596374512,720.9461760520935,0.9965700507164001
122,Right Elbow,274.20026779174805,652.731249332428,0.9871795773506165
122,Left Wrist,679.1129493713379,1032.6367163658142,0.9845790266990662
122,Right Wrist,349.59465980529785,917.9640412330627,0.9533399343490601
122,Left Hip,488.4001350402832,576.3437819480896,0.9988494515419006
122,Right Hip,296.9802761077881,552.2751617431641,0.9980583190917969
122,Left Knee,629.2443466186523,713.5038828849792,0.48438459634780884
122,Right Knee,150.43474674224854,742.6708459854126,0.42726588249206543
122,Left Ankle,468.6262893676758,934.4895601272583,0.18807841837406158
122,Right Ankle,169.22590255737305,804.0341019630432,0.20729798078536987
123,Nose,489.7796630859375,458.1390881538391,0.9992762804031372
123,Left Eye,531.2303352355957,419.76842522621155,0.999196469783783
123,Right Eye,546.9365501403809,417.9539430141449,0.999110221862793
123,Left Ear,560.4889297485352,414.5138168334961,0.9991293549537659
123,Right Ear,473.39083671569824,409.04191732406616,0.9987314939498901
123,Left Shoulder,662.7692985534668,464.4478690624237,0.999918520450592
123,Right Shoulder,276.524076461792,366.15703225135803,0.9981529712677002
123,Left Elbow,738.3333778381348,734.6770691871643,0.9960908889770508
123,Right Elbow,252.39449501037598,681.5496969223022,0.9847998023033142
123,Left Wrist,686.1468887329102,1052.848298549652,0.982226550579071
123,Right Wrist,349.77404594421387,926.7394351959229,0.9483155608177185
123,Left Hip,497.47243881225586,578.783905506134,0.9989069104194641
123,Right Hip,305.14695167541504,554.7456693649292,0.998060941696167
123,Left Knee,632.0649147033691,723.2656002044678,0.4859524667263031
123,Right Knee,157.27360725402832,744.3576121330261,0.4254617393016815
123,Left Ankle,469.2007827758789,932.6401877403259,0.18877528607845306
123,Right Ankle,248.70563507080078,836.7828440666199,0.1925346553325653
124,Nose,489.5292663574219,471.4659118652344,0.9988671541213989
124,Left Eye,531.2899017333984,432.9132664203644,0.9990882277488708
124,Right Eye,547.6983261108398,431.6400647163391,0.9989414215087891
124,Left Ear,561.4010810852051,429.1043794155121,0.9990334510803223
124,Right Ear,472.6431369781494,422.58931517601013,0.9984120726585388
124,Left Shoulder,664.336109161377,475.113126039505,0.9999006390571594
124,Right Shoulder,279.1670608520508,368.5686707496643,0.9972786903381348
124,Left Elbow,738.2523536682129,755.6821131706238,0.9952087998390198
124,Right Elbow,254.73455429077148,686.1438703536987,0.9769383072853088
124,Left Wrist,691.0191535949707,1062.7124333381653,0.9757654070854187
124,Right Wrist,370.00765800476074,930.0399684906006,0.9264079332351685
124,Left Hip,503.27585220336914,579.7569680213928,0.9989666938781738
124,Right Hip,310.43171882629395,553.7578654289246,0.998042643070221
124,Left Knee,634.6627235412598,730.6200242042542,0.4709935486316681
124,Right Knee,158.20738792419434,733.4462571144104,0.40711861848831177
124,Left Ankle,479.07734870910645,931.6089963912964,0.18916055560112
124,Right Ankle,236.75660133361816,807.2585463523865,0.17592036724090576
125,Nose,494.446964263916,489.5094108581543,0.9987629055976868
125,Left Eye,536.8933296203613,449.4435489177704,0.9991141557693481
125,Right Eye,553.4111595153809,447.41660356521606,0.998945951461792
125,Left Ear,565.8647346496582,445.08620381355286,0.9990617632865906
125,Right Ear,474.3353748321533,442.55109786987305,0.9983910918235779
125,Left Shoulder,665.8146286010742,482.11182475090027,0.9999015927314758
125,Right Shoulder,279.26568031311035,393.59841227531433,0.9964422583580017
125,Left Elbow,738.0748558044434,764.8491525650024,0.9942536950111389
125,Right Elbow,252.45946884155273,695.9782004356384,0.9669579267501831
125,Left Wrist,704.2276954650879,1064.692611694336,0.9718162417411804
125,Right Wrist,374.25673484802246,935.268988609314,0.9036012291908264
125,Left Hip,504.85233306884766,586.2618613243103,0.9990499019622803
125,Right Hip,312.80988693237305,554.071683883667,0.9980643391609192
125,Left Knee,633.775463104248,742.8760027885437,0.46782010793685913
125,Right Knee,143.96010875701904,726.4154362678528,0.3957401216030121
125,Left Ankle,484.2281913757324,920.7584738731384,0.19840246438980103
125,Right Ankle,191.4288568496704,715.6286430358887,0.16131357848644257
126,Nose,493.5761833190918,509.56456661224365,0.9988279342651367
126,Left Eye,535.9578323364258,468.49316596984863,0.9991884827613831
126,Right Eye,553.1101226806641,465.0809133052826,0.9990273714065552
126,Left Ear,566.1679458618164,461.4513695240021,0.9991400241851807
126,Right Ear,473.9241600036621,464.1625678539276,0.9985114932060242
126,Left Shoulder,667.5082969665527,489.29446935653687,0.9999096393585205
126,Right Shoulder,279.5475482940674,404.64160323143005,0.9963376522064209
126,Left Elbow,738.7118911743164,791.5949821472168,0.9937648773193359
126,Right Elbow,252.10707664489746,695.192141532898,0.9622757434844971
126,Left Wrist,706.9929885864258,1091.2804698944092,0.9707587361335754
126,Right Wrist,386.0658359527588,927.2220396995544,0.8906241655349731
126,Left Hip,503.858585357666,602.1634125709534,0.9991421699523926
126,Right Hip,311.38598442077637,557.9800271987915,0.9982107281684875
126,Left Knee,631.9275856018066,754.5592546463013,0.4896705746650696
126,Right Knee,105.22148609161377,710.8580875396729,0.39953234791755676
126,Left Ankle,493.15446853637695,905.5146861076355,0.23027914762496948
126,Right Ankle,83.23714256286621,617.9575896263123,0.14944230020046234
127,Nose,493.22216033935547,528.04004073143,0.9987819194793701
127,Left Eye,535.2480697631836,487.76145815849304,0.9992426037788391
127,Right Eye,552.3258590698242,484.51026678085327,0.999083399772644
127,Left Ear,565.6081581115723,480.3070628643036,0.9992008805274963
127,Right Ear,471.5283393859863,481.3589823246002,0.9985678791999817
127,Left Shoulder,669.6341514587402,503.00907611846924,0.9999144673347473
127,Right Shoulder,281.45121574401855,413.9476239681244,0.9954902529716492
127,Left Elbow,738.6741828918457,799.2307806015015,0.9934492111206055
127,Right Elbow,261.4851665496826,684.7102189064026,0.9430016875267029
127,Left Wrist,713.9129447937012,1091.4177131652832,0.9694766402244568
127,Right Wrist,396.4793586730957,901.9585919380188,0.8576141595840454
127,Left Hip,506.8007469177246,600.2570056915283,0.9992193579673767
127,Right Hip,316.4619541168213,557.1613311767578,0.9983053207397461
127,Left Knee,631.3203620910645,762.3596549034119,0.4880778193473816
127,Right Knee,116.45514249801636,704.5582222938538,0.3988604247570038
127,Left Ankle,497.5253105163574,881.6626167297363,0.2316872775554657
127,Right Ankle,111.3953161239624,666.885781288147,0.13806891441345215
128,Nose,492.8213310241699,551.8298292160034,0.9985406398773193
128,Left Eye,533.5192680358887,515.3728795051575,0.9992639422416687
128,Right Eye,550.6579399108887,511.81890964508057,0.9990891218185425
128,Left Ear,564.3728256225586,506.66723370552063,0.9992270469665527
128,Right Ear,470.7012462615967,506.5460515022278,0.9985430240631104
128,Left Shoulder,673.4630012512207,522.4084317684174,0.9999141097068787
128,Right Shoulder,283.8032913208008,429.60742235183716,0.9939306974411011
128,Left Elbow,738.6252021789551,821.8024063110352,0.9927026629447937
128,Right Elbow,264.55352783203125,694.6476101875305,0.9202808141708374
128,Left Wrist,719.6618270874023,1106.1689186096191,0.9672517776489258
128,Right Wrist,410.3550338745117,901.1565041542053,0.8294492363929749
128,Left Hip,515.8072471618652,613.1677222251892,0.9992847442626953
128,Right Hip,328.54554176330566,562.1771478652954,0.9983749985694885
128,Left Knee,621.5283393859863,781.8248963356018,0.47192174196243286
128,Right Knee,124.3232774734497,708.1625318527222,0.38451141119003296
128,Left Ankle,502.36536026000977,876.8415284156799,0.21815019845962524
128,Right Ankle,120.97410678863525,664.7959113121033,0.12635105848312378
129,Nose,496.1172866821289,576.8753099441528,0.998023509979248
129,Left Eye,533.155403137207,542.8282928466797,0.9992330074310303
129,Right Eye,550.594539642334,539.8169553279877,0.9990187287330627
129,Left Ear,563.7606811523438,535.1788473129272,0.999219536781311
129,Right Ear,475.0649070739746,536.1654603481293,0.9984055757522583
129,Left Shoulder,678.7387275695801,543.2612013816833,0.999909520149231
129,Right Shoulder,287.1213626861572,455.1112711429596,0.9920181632041931
129,Left Elbow,738.581600189209,836.75368309021,0.991951584815979
129,Right Elbow,284.1397190093994,718.1997656822205,0.8837755918502808
129,Left Wrist,723.1057548522949,1111.861424446106,0.9633640050888062
129,Right Wrist,415.84802627563477,906.7193627357483,0.7900131940841675
129,Left Hip,521.3348007202148,617.0543074607849,0.9993298649787903
129,Right Hip,342.1121406555176,563.900671005249,0.9983998537063599
129,Left Knee,594.5303535461426,819.8654222488403,0.4460258185863495
129,Right Knee,175.2982234954834,709.2842960357666,0.36638620495796204
129,Left Ankle,516.7609405517578,860.3760695457458,0.19981132447719574
129,Right Ankle,152.57121562957764,677.7374625205994,0.1158321425318718
130,Nose,503.0745506286621,594.08047914505,0.9963015913963318
130,Left Eye,537.0943450927734,557.6289367675781,0.9989598989486694
130,Right Eye,551.8921279907227,554.7685861587524,0.9986745119094849
130,Left Ear,564.0440940856934,550.7181715965271,0.9990449547767639
130,Right Ear,481.9320487976074,553.7897944450378,0.9975993037223816
130,Left Shoulder,684.7341728210449,554.7342753410339,0.9999051094055176
130,Right Shoulder,296.6509437561035,454.08053040504456,0.9904495477676392
130,Left Elbow,736.7820167541504,847.4491953849792,0.9913703203201294
130,Right Elbow,286.8683910369873,705.8862376213074,0.8315485119819641
130,Left Wrist,724.8532104492188,1118.5012435913086,0.9609053134918213
130,Right Wrist,404.80676651000977,870.197331905365,0.7424138784408569
130,Left Hip,524.9694442749023,624.6487784385681,0.9993417859077454
130,Right Hip,347.29963302612305,563.1458973884583,0.9983823299407959
130,Left Knee,553.8808822631836,807.538890838623,0.4145447015762329
130,Right Knee,197.41155624389648,701.0200238227844,0.34613680839538574
130,Left Ankle,533.6782836914062,819.818365573883,0.18154725432395935
130,Right Ankle,160.48683643341064,651.1871981620789,0.10653761029243469
131,Nose,503.1342887878418,612.3872637748718,0.995923638343811
131,Left Eye,538.0380821228027,575.0184059143066,0.9989311099052429
131,Right Eye,552.4921417236328,571.7166495323181,0.9986405968666077
131,Left Ear,564.1868019104004,568.0407571792603,0.9990471005439758
131,Right Ear,480.95495223999023,573.8128924369812,0.9975062012672424
131,Left Shoulder,686.1347007751465,573.5536623001099,0.9999029040336609
131,Right Shoulder,300.7193183898926,468.1086015701294,0.9897595643997192
131,Left Elbow,737.4658584594727,868.5195136070251,0.9904915690422058
131,Right Elbow,297.64180183410645,712.8233313560486,0.7782254815101624
131,Left Wrist,742.8629493713379,1151.763424873352,0.9593392014503479
131,Right Wrist,417.442045211792,875.3709268569946,0.701219916343689
131,Left Hip,527.7139091491699,649.7830295562744,0.9993244409561157
131,Right Hip,352.08861351013184,587.2185730934143,0.9983599781990051
131,Left Knee,541.9781684875488,814.0899395942688,0.3901423215866089
131,Right Knee,230.05841732025146,702.088680267334,0.3330245316028595
131,Left Ankle,555.8991622924805,798.9739322662354,0.16541215777397156
131,Right Ankle,232.01372623443604,673.0086851119995,0.09959113597869873
132,Nose,501.43049240112305,637.6273441314697,0.9959552884101868
132,Left Eye,535.6527328491211,599.0037274360657,0.9989649653434753
132,Right Eye,551.085147857666,593.5250043869019,0.9987027049064636
132,Left Ear,563.1214141845703,588.1421971321106,0.9990931153297424
132,Right Ear,475.0601577758789,601.5001130104065,0.997566282749176
132,Left Shoulder,687.6588821411133,586.7597222328186,0.9999048113822937
132,Right Shoulder,304.05489921569824,474.6844017505646,0.9898824691772461
132,Left Elbow,738.0719375610352,886.2735915184021,0.9900355339050293
132,Right Elbow,323.18023681640625,720.1700305938721,0.7304853200912476
132,Left Wrist,753.197078704834,1176.8600177764893,0.9591845273971558
132,Right Wrist,444.8558235168457,887.9254031181335,0.660868763923645
132,Left Hip,534.3614959716797,673.0894732475281,0.9992635846138
132,Right Hip,356.28275871276855,614.5350050926208,0.9983673691749573
132,Left Knee,558.0440139770508,811.2010073661804,0.3681304454803467
132,Right Knee,230.77245712280273,703.6924695968628,0.33309412002563477
132,Left Ankle,550.1688766479492,821.2660503387451,0.15220361948013306
132,Right Ankle,360.2152347564697,746.2659502029419,0.09583728760480881
133,Nose,500.7104301452637,664.9038648605347,0.9945569038391113
133,Left Eye,533.5939979553223,631.1640357971191,0.9986821413040161
133,Right Eye,548.4475708007812,624.4241809844971,0.9984358549118042
133,Left Ear,560.7277679443359,616.6698718070984,0.998894453048706
133,Right Ear,474.9711799621582,631.5135169029236,0.997046709060669
133,Left Shoulder,689.454174041748,598.8467860221863,0.999894917011261
133,Right Shoulder,301.62317276000977,496.48345470428467,0.9901013374328613
133,Left Elbow,740.8005523681641,896.0325407981873,0.988282322883606
133,Right Elbow,337.9007148742676,774.7663950920105,0.7080381512641907
133,Left Wrist,762.6101875305176,1177.8548383712769,0.9571494460105896
133,Right Wrist,506.56946182250977,956.3309383392334,0.6480655074119568
133,Left Hip,537.421817779541,709.2174768447876,0.9992548227310181
133,Right Hip,354.3743419647217,651.3252782821655,0.9984215497970581
133,Left Knee,565.9914207458496,833.8262557983398,0.3433926999568939
133,Right Knee,285.08740425109863,747.7276039123535,0.3187963366508484
133,Left Ankle,577.477970123291,827.3001194000244,0.1382080465555191
133,Right Ankle,318.62866401672363,738.1064772605896,0.08805161714553833
134,Nose,483.70553970336914,690.6730914115906,0.9946054816246033
134,Left Eye,516.9535446166992,658.8984417915344,0.9987446665763855
134,Right Eye,534.3295669555664,651.8633723258972,0.9985145330429077
134,Left Ear,548.5520553588867,644.7993350028992,0.9989559650421143
134,Right Ear,461.21898651123047,656.1673521995544,0.9971715807914734
134,Left Shoulder,693.4711074829102,628.7839078903198,0.9999011754989624
134,Right Shoulder,311.5591621398926,492.8707444667816,0.9904850125312805
134,Left Elbow,742.232551574707,928.4507918357849,0.9885035157203674
134,Right Elbow,359.34605598449707,754.9021697044373,0.6588906049728394
134,Left Wrist,767.1355819702148,1221.115050315857,0.9594415426254272
134,Right Wrist,512.1062278747559,939.9982810020447,0.6128340363502502
134,Left Hip,545.2283477783203,730.3689694404602,0.9992923736572266
134,Right Hip,362.6613521575928,655.1097679138184,0.9985061883926392
134,Left Knee,565.2213478088379,892.7426290512085,0.32468369603157043
134,Right Knee,250.54555892944336,747.0561289787292,0.32781773805618286
134,Left Ankle,602.1030235290527,884.3595242500305,0.12674584984779358
134,Right Ankle,258.0669593811035,714.0547227859497,0.08288224786520004
135,Nose,480.09864807128906,715.8674025535583,0.9941708445549011
135,Left Eye,513.9261817932129,682.8542160987854,0.9987363815307617
135,Right Eye,531.0143852233887,674.8556756973267,0.9985451102256775
135,Left Ear,545.7634735107422,664.383602142334,0.998993992805481
135,Right Ear,459.54874992370605,683.4790849685669,0.9970154166221619
135,Left Shoulder,694.8422241210938,649.6061325073242,0.9999085664749146
135,Right Shoulder,309.88964080810547,526.5064179897308,0.9903978705406189
135,Left Elbow,742.2116661071777,955.014317035675,0.9885812401771545
135,Right Elbow,362.22704887390137,776.1358666419983,0.6014650464057922
135,Left Wrist,763.4090995788574,1223.628945350647,0.9605162143707275
135,Right Wrist,507.73881912231445,934.3179416656494,0.5667091608047485
135,Left Hip,561.1368942260742,725.6922698020935,0.9992880821228027
135,Right Hip,387.5058174133301,671.6476464271545,0.998505711555481
135,Left Knee,567.8809547424316,872.2593283653259,0.309319406747818
135,Right Knee,343.5556125640869,800.1759052276611,0.3195958435535431
135,Left Ankle,592.203540802002,892.4222445487976,0.11637578159570694
135,Right Ankle,452.4338436126709,844.1323113441467,0.0788898691534996
136,Nose,469.5782661437988,736.3783192634583,0.9938749074935913
136,Left Eye,501.29539489746094,708.6634182929993,0.9987633228302002
136,Right Eye,517.496509552002,702.3572444915771,0.9985966086387634
136,Left Ear,533.3490371704102,691.3049125671387,0.9990440011024475
136,Right Ear,449.1951656341553,704.5302844047546,0.9969161748886108
136,Left Shoulder,692.9197883605957,665.294930934906,0.9999146461486816
136,Right Shoulder,308.72036933898926,534.5208263397217,0.9893738627433777
136,Left Elbow,742.1380805969238,988.1691241264343,0.9888118505477905
136,Right Elbow,349.57042694091797,773.3332586288452,0.5504353642463684
136,Left Wrist,776.6481399536133,1258.2692241668701,0.9620856642723083
136,Right Wrist,487.8746223449707,929.9535155296326,0.5211338400840759
136,Left Hip,555.9917449951172,729.9544715881348,0.9992541670799255
136,Right Hip,380.69775581359863,670.9573745727539,0.9984214901924133
136,Left Knee,568.1671142578125,855.8160781860352,0.3030546307563782
136,Right Knee,294.8547649383545,784.1992950439453,0.3274076282978058
136,Left Ankle,579.0036392211914,905.7634234428406,0.10711197555065155
136,Right Ankle,440.9498977661133,865.4834890365601,0.07565896213054657
137,Nose,453.905668258667,758.5935759544373,0.9935223460197449
137,Left Eye,484.6684455871582,734.9157643318176,0.9987478852272034
137,Right Eye,501.7046356201172,729.7867798805237,0.9986020922660828
137,Left Ear,517.0698165893555,722.9394221305847,0.9990711212158203
137,Right Ear,433.570032119751,728.303689956665,0.9967520236968994
137,Left Shoulder,691.6032028198242,685.6970572471619,0.9999178647994995
137,Right Shoulder,308.1184673309326,524.1702890396118,0.9878520965576172
137,Left Elbow,742.1567916870117,995.7682299613953,0.988861620426178
137,Right Elbow,259.1132640838623,708.0717015266418,0.5039929151535034
137,Left Wrist,790.0116920471191,1294.6479606628418,0.9624559283256531
137,Right Wrist,330.0058364868164,854.5527577400208,0.47342607378959656
137,Left Hip,553.6981773376465,766.5934038162231,0.998616099357605
137,Right Hip,375.50004959106445,692.2414112091064,0.9972577691078186
137,Left Knee,552.5781440734863,916.3352751731873,0.279615193605423
137,Right Knee,324.64293479919434,793.6792516708374,0.3128605782985687
137,Left Ankle,573.6047172546387,936.3258647918701,0.09742645174264908
137,Right Ankle,416.6253089904785,873.0000686645508,0.07112573832273483
138,Nose,439.30575370788574,779.3711256980896,0.9936896562576294
138,Left Eye,469.05077934265137,757.3943710327148,0.9988172054290771
138,Right Eye,486.6423225402832,753.9217042922974,0.9986811876296997
138,Left Ear,503.2643508911133,749.2535662651062,0.9991360306739807
138,Right Ear,419.7960090637207,749.1440677642822,0.9968889951705933
138,Left Shoulder,690.0425148010254,692.921769618988,0.9999223351478577
138,Right Shoulder,317.59949684143066,545.5533957481384,0.9879515767097473
138,Left Elbow,746.2707710266113,1010.6909894943237,0.9890450239181519
138,Right Elbow,264.0172290802002,706.8385076522827,0.4638231098651886
138,Left Wrist,808.9892578125,1322.4708795547485,0.9622819423675537
138,Right Wrist,346.1638069152832,870.6095123291016,0.4308995306491852
138,Left Hip,553.6843872070312,768.7318754196167,0.9982339143753052
138,Right Hip,374.8337173461914,693.5732889175415,0.9967261552810669
138,Left Knee,532.1596527099609,920.3046441078186,0.26498425006866455
138,Right Knee,333.5276699066162,804.9924230575562,0.30942463874816895
138,Left Ankle,572.786865234375,924.412157535553,0.08915167301893234
138,Right Ankle,464.8243045806885,865.5870008468628,0.0679599940776825
139,Nose,423.74361991882324,787.3056149482727,0.9940711259841919
139,Left Eye,452.1313190460205,764.4507479667664,0.9989126920700073
139,Right Eye,472.1289539337158,763.2635807991028,0.998786449432373
139,Left Ear,493.2077980041504,754.2843174934387,0.9992102980613708
139,Right Ear,404.3667984008789,752.4587631225586,0.9971151351928711
139,Left Shoulder,689.3734931945801,712.6429581642151,0.9999246001243591
139,Right Shoulder,323.80502700805664,538.4758400917053,0.9872031807899475
139,Left Elbow,757.5641441345215,1028.9700937271118,0.9885423183441162
139,Right Elbow,249.81536865234375,646.7708230018616,0.4309181571006775
139,Left Wrist,828.7430763244629,1336.46879196167,0.9602926969528198
139,Right Wrist,289.074125289917,814.3810987472534,0.3920111358165741
139,Left Hip,569.3732070922852,777.4526166915894,0.9978290796279907
139,Right Hip,386.63729667663574,684.0502023696899,0.9959667921066284
139,Left Knee,516.0198211669922,928.0922341346741,0.25275301933288574
139,Right Knee,327.89628982543945,800.1178407669067,0.3056083917617798
139,Left Ankle,558.1914138793945,884.4014954566956,0.08081478625535965
139,Right Ankle,475.1227855682373,843.5997533798218,0.06286516040563583
140,Nose,419.27653312683105,804.6099829673767,0.9700396060943604
140,Left Eye,449.46375846862793,775.7559370994568,0.9963129162788391
140,Right Eye,468.32530975341797,774.6888899803162,0.9961031079292297
140,Left Ear,488.27436447143555,772.021336555481,0.998090922832489
140,Right Ear,399.0356254577637,773.1737422943115,0.9847003817558289
140,Left Shoulder,691.083927154541,715.927848815918,0.9998855590820312
140,Right Shoulder,321.14667892456055,528.1918323040009,0.9694006443023682
140,Left Elbow,775.8895683288574,1038.5733890533447,0.9866387844085693
140,Right Elbow,159.159893989563,631.4513325691223,0.39751505851745605
140,Left Wrist,843.3940887451172,1370.8708906173706,0.9446548223495483
140,Right Wrist,112.30703115463257,793.6199641227722,0.35414114594459534
140,Left Hip,583.7862968444824,764.0574288368225,0.9970701336860657
140,Right Hip,385.3810501098633,674.7268009185791,0.9940544962882996
140,Left Knee,524.7752952575684,929.4281673431396,0.2315567135810852
140,Right Knee,347.5773525238037,812.1640920639038,0.2814072072505951
140,Left Ankle,528.2860565185547,880.2774381637573,0.0731852725148201
140,Right Ankle,447.29533195495605,829.048490524292,0.057906199246644974
141,Nose,393.1315040588379,821.9394564628601,0.9156227707862854
141,Left Eye,427.39943504333496,782.9722166061401,0.9845985770225525
141,Right Eye,449.5454692840576,772.4918389320374,0.9853844046592712
141,Left Ear,469.2051315307617,781.667697429657,0.9924266934394836
141,Right Ear,375.39124488830566,784.51819896698,0.9460930228233337
141,Left Shoulder,692.6176643371582,722.5444293022156,0.999808669090271
141,Right Shoulder,314.00814056396484,521.9954144954681,0.9513914585113525
141,Left Elbow,789.5597648620605,1033.305938243866,0.9833378195762634
141,Right Elbow,132.77039051055908,611.3006472587585,0.3708977699279785
141,Left Wrist,827.7083015441895,1337.5743341445923,0.9274529814720154
141,Right Wrist,96.81377649307251,783.9331126213074,0.3211404085159302
141,Left Hip,588.6091232299805,760.9582543373108,0.9965713620185852
141,Right Hip,383.5378646850586,670.8307528495789,0.9927957653999329
141,Left Knee,524.9275588989258,924.5849990844727,0.21122628450393677
141,Right Knee,342.0376968383789,801.2508702278137,0.2571203112602234
141,Left Ankle,509.9865531921387,879.8205184936523,0.06633090227842331
141,Right Ankle,422.7052688598633,826.2465262413025,0.053404610604047775
142,Nose,396.7529582977295,810.68763256073,0.8581537008285522
142,Left Eye,427.298583984375,781.9809365272522,0.9644451141357422
142,Right Eye,445.750036239624,781.3084316253662,0.9672911763191223
142,Left Ear,467.52230644226074,790.973846912384,0.9818751215934753
142,Right Ear,372.359561920166,789.12273645401,0.8912959694862366
142,Left Shoulder,701.3095092773438,729.3817448616028,0.9997326135635376
142,Right Shoulder,320.32848358154297,518.9672756195068,0.9330759644508362
142,Left Elbow,802.8707885742188,1035.7626700401306,0.9798758029937744
142,Right Elbow,143.35487365722656,598.1865119934082,0.34754088521003723
142,Left Wrist,850.3407669067383,1370.1599550247192,0.9112510681152344
142,Right Wrist,91.88877582550049,790.3126072883606,0.2910723388195038
142,Left Hip,609.6989822387695,753.2024002075195,0.9943258762359619
142,Right Hip,396.7280673980713,653.964958190918,0.9876907467842102
142,Left Knee,528.7882232666016,925.8694338798523,0.1908377707004547
142,Right Knee,331.7163562774658,792.2501063346863,0.23248136043548584
142,Left Ankle,510.1559257507324,876.3448262214661,0.059960152953863144
142,Right Ankle,411.20152473449707,814.1948676109314,0.04866904392838478
143,Nose,387.40819931030273,821.3940238952637,0.8079065680503845
143,Left Eye,413.77787590026855,791.5505647659302,0.9496621489524841
143,Right Eye,432.64294624328613,791.8718504905701,0.9567766189575195
143,Left Ear,451.4037609100342,811.150152683258,0.9751236438751221
143,Right Ear,353.9077949523926,809.1167378425598,0.8527752757072449
143,Left Shoulder,710.9526443481445,744.1935896873474,0.9996492862701416
143,Right Shoulder,318.60589027404785,516.5174639225006,0.9223095178604126
143,Left Elbow,821.594295501709,1044.2145895957947,0.9752031564712524
143,Right Elbow,166.89258098602295,610.5443930625916,0.32208412885665894
143,Left Wrist,860.430965423584,1371.3440322875977,0.8975492119789124
143,Right Wrist,164.80496406555176,808.3798599243164,0.2641247808933258
143,Left Hip,646.2697219848633,733.7805461883545,0.9929797053337097
143,Right Hip,418.6548042297363,615.1580715179443,0.9857020974159241
143,Left Knee,547.5240325927734,914.7294902801514,0.17251542210578918
143,Right Knee,336.01515769958496,760.6302094459534,0.210524782538414
143,Left Ankle,531.0835647583008,836.3250875473022,0.054344192147254944
143,Right Ankle,408.6056327819824,762.837495803833,0.044578418135643005
144,Nose,380.7927417755127,826.9736194610596,0.758721649646759
144,Left Eye,407.0474624633789,793.1696105003357,0.939670205116272
144,Right Eye,425.4529094696045,820.4133009910583,0.948071300983429
144,Left Ear,445.2166557312012,824.1434597969055,0.9700778722763062
144,Right Ear,351.4694023132324,784.5590114593506,0.8293312788009644
144,Left Shoulder,714.1576766967773,746.3672089576721,0.9995962381362915
144,Right Shoulder,318.2707214355469,522.9855358600616,0.9165078997612
144,Left Elbow,836.1934089660645,1043.9626336097717,0.9684053659439087
144,Right Elbow,176.72194004058838,621.7320370674133,0.29375550150871277
144,Left Wrist,879.0396308898926,1367.4786901474,0.8812516331672668
144,Right Wrist,241.6500949859619,865.2984809875488,0.23863258957862854
144,Left Hip,658.8914108276367,739.9909973144531,0.9911587834358215
144,Right Hip,431.9654846191406,621.6395330429077,0.9827867746353149
144,Left Knee,575.6832504272461,879.351110458374,0.15578612685203552
144,Right Knee,360.75596809387207,744.451789855957,0.19082097709178925
144,Left Ankle,582.6779365539551,800.4449844360352,0.049176909029483795
144,Right Ankle,457.42661476135254,710.5293989181519,0.040655869990587234
145,Nose,375.6551742553711,834.6387076377869,0.6946646571159363
145,Left Eye,403.91767501831055,805.8543133735657,0.8989789485931396
145,Right Eye,422.5620174407959,812.2099900245667,0.9110263586044312
145,Left Ear,441.47260665893555,814.2341351509094,0.9443472623825073
145,Right Ear,359.51977729797363,818.1108069419861,0.774474561214447
145,Left Shoulder,716.5798759460449,749.664716720581,0.9992974996566772
145,Right Shoulder,318.975133895874,526.7306613922119,0.9041507244110107
145,Left Elbow,847.6344108581543,1040.3262662887573,0.946875274181366
145,Right Elbow,199.9101734161377,624.1686201095581,0.26681697368621826
145,Left Wrist,878.5549736022949,1352.6197242736816,0.8346226215362549
145,Right Wrist,272.67900466918945,863.6578059196472,0.21520696580410004
145,Left Hip,670.8348655700684,732.9749822616577,0.9904150366783142
145,Right Hip,446.3086223602295,613.5430812835693,0.9819397926330566
145,Left Knee,600.5912590026855,852.8165531158447,0.1407531350851059
145,Right Knee,366.8770122528076,700.9569382667542,0.17275437712669373
145,Left Ankle,637.2564125061035,778.7849450111389,0.04459301382303238
145,Right Ankle,444.78461265563965,663.2870078086853,0.03704310581088066
146,Nose,381.9756889343262,832.7026891708374,0.6438412666320801
146,Left Eye,413.2385444641113,827.3523259162903,0.8780519962310791
146,Right Eye,428.64020347595215,828.8141083717346,0.8937596678733826
146,Left Ear,445.79132080078125,830.545871257782,0.9327012300491333
146,Right Ear,366.27376556396484,829.8984718322754,0.7356922626495361
146,Left Shoulder,719.0794944763184,758.5342240333557,0.999268114566803
146,Right Shoulder,327.2328186035156,537.2868061065674,0.8928964138031006
146,Left Elbow,863.9825820922852,1040.8744025230408,0.937200665473938
146,Right Elbow,241.52767181396484,595.1647782325745,0.24178075790405273
146,Left Wrist,903.6028861999512,1365.7276153564453,0.8163817524909973
146,Right Wrist,293.6503601074219,824.3552470207214,0.19411185383796692
146,Left Hip,703.7176322937012,722.0127725601196,0.9896382093429565
146,Right Hip,477.30337142944336,595.3534555435181,0.9799419641494751
146,Left Knee,611.1807060241699,857.8564453125,0.1270422786474228
146,Right Knee,372.11551666259766,689.2288184165955,0.1562318503856659
146,Left Ankle,681.5480804443359,796.6203260421753,0.04036016762256622
146,Right Ankle,476.6600704193115,668.2025957107544,0.033794716000556946
148,Nose,433.17286491394043,815.4404211044312,0.6791129112243652
148,Left Eye,428.3463478088379,807.3426175117493,0.8901250958442688
148,Right Eye,434.1544532775879,809.1958522796631,0.9042314291000366
148,Left Ear,439.9669075012207,811.0534000396729,0.9392577409744263
148,Right Ear,409.3586540222168,789.1313624382019,0.762003481388092
148,Left Shoulder,611.3616943359375,803.6654376983643,0.9992619752883911
148,Right Shoulder,368.01727294921875,559.3128061294556,0.903163492679596
148,Left Elbow,825.0798797607422,1026.5904808044434,0.9433175325393677
148,Right Elbow,411.9096565246582,468.2042598724365,0.2331503927707672
148,Left Wrist,896.6028785705566,1287.8353643417358,0.8346132040023804
148,Right Wrist,373.822717666626,560.1566076278687,0.20938192307949066
148,Left Hip,776.0218048095703,677.9474472999573,0.9904799461364746
148,Right Hip,650.672721862793,608.4653377532959,0.9804651141166687
148,Left Knee,832.2203636169434,882.3972415924072,0.1503886729478836
148,Right Knee,687.8197288513184,783.6509656906128,0.14897236227989197
148,Left Ankle,960.5928039550781,924.7589993476868,0.09911634773015976
148,Right Ankle,880.7398223876953,874.1934156417847,0.040229327976703644
149,Nose,370.28271675109863,655.148777961731,0.6517550349235535
149,Left Eye,359.34216499328613,657.4250721931458,0.8350937962532043
149,Right Eye,354.65091705322266,661.2217283248901,0.8467137217521667
149,Left Ear,350.10921478271484,664.972357749939,0.8775521516799927
149,Right Ear,366.9301986694336,649.2594194412231,0.723210871219635
149,Left Shoulder,288.0575752258301,748.9412927627563,0.9991806745529175
149,Right Shoulder,339.24047470092773,576.3651537895203,0.9122986197471619
149,Left Elbow,426.57139778137207,749.9670767784119,0.8533288836479187
149,Right Elbow,419.33152198791504,543.3140516281128,0.21238091588020325
149,Left Wrist,580.7940101623535,688.533718585968,0.755236029624939
149,Right Wrist,478.8269519805908,567.9156160354614,0.19106784462928772
149,Left Hip,677.4820518493652,677.9150032997131,0.9913936853408813
149,Right Hip,680.024585723877,607.7148127555847,0.9823771119117737
149,Left Knee,680.7221603393555,900.6670761108398,0.22644591331481934
149,Right Knee,683.0216789245605,863.4717679023743,0.15726013481616974
149,Left Ankle,856.5368270874023,1014.0973520278931,0.16907444596290588
149,Right Ankle,867.5708770751953,974.584550857544,0.06382452696561813
150,Nose,384.73079681396484,661.7996692657471,0.6502184867858887
150,Left Eye,376.9476127624512,669.4110059738159,0.8099327087402344
150,Right Eye,379.0743827819824,671.4435839653015,0.820317268371582
150,Left Ear,378.2611656188965,673.5382175445557,0.8484536409378052
150,Right Ear,385.10144233703613,666.6022181510925,0.710796058177948
150,Left Shoulder,335.7737731933594,741.6895437240601,0.9991100430488586
150,Right Shoulder,343.8999938964844,576.3759684562683,0.920228123664856
150,Left Elbow,480.0135040283203,820.3929591178894,0.7925559878349304
150,Right Elbow,438.26977729797363,544.9387621879578,0.19909068942070007
150,Left Wrist,585.8066940307617,836.494710445404,0.694513738155365
150,Right Wrist,458.320255279541,574.7464942932129,0.18031428754329681
150,Left Hip,686.3586044311523,676.113395690918,0.9922156929969788
150,Right Hip,676.3601303100586,606.9560480117798,0.9840720295906067
150,Left Knee,703.9794731140137,955.0034379959106,0.29786425828933716
150,Right Knee,669.0757369995117,851.0172629356384,0.1698070913553238
150,Left Ankle,873.1882667541504,1061.1279559135437,0.21747107803821564
150,Right Ankle,865.0002479553223,971.1823725700378,0.07786475867033005
151,Nose,442.7597236633301,650.8872842788696,0.6836308836936951
151,Left Eye,445.46545028686523,657.5334763526917,0.8280348181724548
151,Right Eye,441.79707527160645,659.6393752098083,0.8372089862823486
151,Left Ear,437.3330497741699,661.6969299316406,0.8629691004753113
151,Right Ear,452.5179862976074,655.2829957008362,0.7388033866882324
151,Left Shoulder,389.07474517822266,715.673189163208,0.9991483688354492
151,Right Shoulder,355.95213890075684,608.334596157074,0.9276883006095886
151,Left Elbow,497.6977729797363,738.3505153656006,0.7422817349433899
151,Right Elbow,449.8248767852783,576.7992854118347,0.18491025269031525
151,Left Wrist,572.3228645324707,736.2690782546997,0.6404745578765869
151,Right Wrist,467.4686622619629,587.7302098274231,0.16748005151748657
151,Left Hip,694.6377754211426,674.825291633606,0.9929472208023071
151,Right Hip,673.7243270874023,625.2609658241272,0.985561728477478
151,Left Knee,740.0592613220215,963.3582830429077,0.34964483976364136
151,Right Knee,673.8467788696289,846.0553908348083,0.1867273896932602
151,Left Ankle,890.0814628601074,1090.2844905853271,0.262206107378006
151,Right Ankle,865.5905342102051,971.4535117149353,0.10311876982450485
152,Nose,439.7794818878174,675.4867243766785,0.7017000317573547
152,Left Eye,442.09184646606445,680.9217381477356,0.8361181616783142
152,Right Eye,440.99315643310547,684.9415755271912,0.8428677916526794
152,Left Ear,435.2531433105469,688.7939786911011,0.8693754076957703
152,Right Ear,443.98303985595703,670.8495497703552,0.7544799447059631
152,Left Shoulder,378.74070167541504,717.0621013641357,0.9991315603256226
152,Right Shoulder,357.62967109680176,600.8147978782654,0.9339843392372131
152,Left Elbow,432.9053020477295,758.1903433799744,0.7226637005805969
152,Right Elbow,431.2448501586914,554.6173095703125,0.1821225881576538
152,Left Wrist,493.4135627746582,731.8856620788574,0.6050576567649841
152,Right Wrist,451.7727756500244,630.4741501808167,0.16134841740131378
152,Left Hip,725.3335762023926,682.8855013847351,0.9935593008995056
152,Right Hip,697.4533081054688,624.2179942131042,0.9868649840354919
152,Left Knee,830.3347206115723,993.5422110557556,0.3948604464530945
152,Right Knee,723.7467384338379,871.465802192688,0.1972549706697464
152,Left Ankle,897.4251365661621,1000.7026791572571,0.24772998690605164
152,Right Ankle,860.2341270446777,910.6793332099915,0.10311726480722427
153,Nose,452.0288944244385,691.3623332977295,0.7303668856620789
153,Left Eye,457.24462509155273,691.9083452224731,0.8521208763122559
153,Right Eye,454.3740463256836,692.7252388000488,0.8581221103668213
153,Left Ear,449.99948501586914,693.2434415817261,0.8821693658828735
153,Right Ear,461.38644218444824,686.6439843177795,0.7784983515739441
153,Left Shoulder,400.11712074279785,702.216203212738,0.9991600513458252
153,Right Shoulder,362.2111415863037,628.8456416130066,0.939481794834137
153,Left Elbow,452.5433349609375,686.368145942688,0.693859338760376
153,Right Elbow,427.3414993286133,605.7166743278503,0.1792708784341812
153,Left Wrist,470.9230327606201,673.3403992652893,0.559229850769043
153,Right Wrist,423.2230854034424,644.6613192558289,0.15219531953334808
153,Left Hip,725.6583023071289,679.5578670501709,0.9941447377204895
153,Right Hip,682.8696441650391,641.46648645401,0.987994372844696
153,Left Knee,842.5172996520996,953.7630987167358,0.4415212571620941
153,Right Knee,731.2433624267578,866.638662815094,0.21687465906143188
153,Left Ankle,908.3100700378418,970.2681469917297,0.25374189019203186
153,Right Ankle,865.0800132751465,915.7315850257874,0.10997817665338516
154,Nose,454.56579208374023,698.8341093063354,0.7556371688842773
154,Left Eye,453.4115982055664,698.1854224205017,0.866224467754364
154,Right Eye,451.1484718322754,702.6355290412903,0.8715301752090454
154,Left Ear,448.01788330078125,703.9688873291016,0.8934205174446106
154,Right Ear,454.7610855102539,706.0145974159241,0.7997435927391052
154,Left Shoulder,420.3218364715576,716.6047310829163,0.9991294145584106
154,Right Shoulder,357.8987789154053,649.225172996521,0.9436867237091064
154,Left Elbow,528.2605934143066,753.5515594482422,0.6552734971046448
154,Right Elbow,424.73499298095703,633.2345294952393,0.17187373340129852
154,Left Wrist,581.3102531433105,798.3155250549316,0.5167267322540283
154,Right Wrist,423.25653076171875,681.9518995285034,0.14227840304374695
154,Left Hip,724.112377166748,680.931715965271,0.9946036338806152
154,Right Hip,661.6124725341797,654.751660823822,0.988724410533905
154,Left Knee,839.9749946594238,963.1740474700928,0.482686847448349
154,Right Knee,716.0279273986816,905.8714413642883,0.22118984162807465
154,Left Ankle,930.4777336120605,1017.2557497024536,0.27975696325302124
154,Right Ankle,865.2468681335449,980.6101226806641,0.11522820591926575
155,Nose,452.2170925140381,808.0870270729065,0.7782374620437622
155,Left Eye,450.6119441986084,787.7960085868835,0.8787292242050171
155,Right Eye,449.6817111968994,785.3326463699341,0.883514404296875
155,Left Ear,451.1545658111572,782.2872877120972,0.9031140804290771
155,Right Ear,442.5706958770752,786.3901019096375,0.8186292052268982
155,Left Shoulder,596.0469245910645,767.9160761833191,0.9988946318626404
155,Right Shoulder,336.4801597595215,662.4991464614868,0.946498692035675
155,Left Elbow,786.5762901306152,995.9087562561035,0.6847796440124512
155,Right Elbow,436.567325592041,598.3513712882996,0.1576552540063858
155,Left Wrist,867.5848388671875,1223.5410118103027,0.5560705661773682
155,Right Wrist,412.7990913391113,666.9047713279724,0.13284963369369507
155,Left Hip,765.237979888916,696.2437391281128,0.9947734475135803
155,Right Hip,663.0643844604492,661.5198397636414,0.9859630465507507
155,Left Knee,892.2161293029785,957.0101380348206,0.4777499735355377
155,Right Knee,761.477222442627,883.9024758338928,0.20395709574222565
155,Left Ankle,989.3637084960938,984.6528124809265,0.3066048324108124
155,Right Ankle,887.5682830810547,962.8237295150757,0.11005129665136337
156,Nose,452.9989814758301,797.222535610199,0.798937976360321
156,Left Eye,451.0155200958252,785.0000309944153,0.8901588320732117
156,Right Eye,451.32802963256836,782.2387504577637,0.8944364786148071
156,Left Ear,453.04521560668945,779.2704463005066,0.912216305732727
156,Right Ear,441.912145614624,785.164954662323,0.8353545665740967
156,Left Shoulder,555.2309417724609,767.4545216560364,0.9986898303031921
156,Right Shoulder,331.1232089996338,691.39484167099,0.9478786587715149
156,Left Elbow,722.530517578125,905.3704261779785,0.6661670207977295
156,Right Elbow,450.4977321624756,637.4736213684082,0.14658179879188538
156,Left Wrist,592.0638084411621,939.5761871337891,0.5231503844261169
156,Right Wrist,407.6162052154541,697.1444463729858,0.12239173799753189
156,Left Hip,770.3458213806152,695.2265810966492,0.994933545589447
156,Right Hip,665.0276756286621,683.8738203048706,0.9851430654525757
156,Left Knee,911.3611221313477,961.6575479507446,0.5032060146331787
156,Right Knee,799.4619941711426,903.7582039833069,0.1942082941532135
156,Left Ankle,1050.3559112548828,986.5043091773987,0.3151775300502777
156,Right Ankle,956.7855834960938,954.502809047699,0.10958528518676758
157,Nose,442.57493019104004,809.4705963134766,0.8168726563453674
157,Left Eye,446.18502616882324,797.591392993927,0.9002996683120728
157,Right Eye,449.3704319000244,797.1330571174622,0.9042072296142578
157,Left Ear,452.5803852081299,796.6304969787598,0.9201779961585999
157,Right Ear,431.9626522064209,788.2457184791565,0.8502460718154907
157,Left Shoulder,561.5180397033691,810.389199256897,0.9980276823043823
157,Right Shoulder,387.7448558807373,663.3625173568726,0.946666955947876
157,Left Elbow,691.8507957458496,924.0539860725403,0.6463348865509033
157,Right Elbow,469.59875106811523,634.2684245109558,0.1348719298839569
157,Left Wrist,584.8850440979004,940.0824165344238,0.4933721721172333
157,Right Wrist,402.5713062286377,678.3801627159119,0.11269822716712952
157,Left Hip,807.5000953674316,738.5857343673706,0.9940634965896606
157,Right Hip,700.1656723022461,677.8973007202148,0.9797728657722473
157,Left Knee,893.2022094726562,957.5101232528687,0.49931350350379944
157,Right Knee,794.2318725585938,856.7398309707642,0.18035241961479187
157,Left Ankle,1018.0204010009766,917.4470615386963,0.3081676661968231
157,Right Ankle,935.9869766235352,859.2805051803589,0.10438317060470581
158,Nose,442.5120449066162,881.3709425926208,0.8350262641906738
158,Left Eye,447.5129985809326,850.4680967330933,0.9101899266242981
158,Right Eye,455.71967124938965,846.7738580703735,0.9137139916419983
158,Left Ear,465.2208137512207,843.1776595115662,0.9280778169631958
158,Right Ear,418.18528175354004,853.5997152328491,0.8650215268135071
158,Left Shoulder,706.6139602661133,849.8420691490173,0.9977970719337463
158,Right Shoulder,382.66573905944824,661.9292521476746,0.950336217880249
158,Left Elbow,879.4142532348633,1037.7810215950012,0.6644688248634338
158,Right Elbow,412.227201461792,611.4198660850525,0.12633216381072998
158,Left Wrist,768.8785743713379,1105.7990312576294,0.5208868384361267
158,Right Wrist,279.2431926727295,687.7744388580322,0.10977882891893387
158,Left Hip,875.9352493286133,754.7611927986145,0.9931237101554871
158,Right Hip,746.7980575561523,691.588089466095,0.9761499762535095
158,Left Knee,960.915641784668,919.2182850837708,0.4759880602359772
158,Right Knee,870.1015663146973,851.3158249855042,0.16645096242427826
158,Left Ankle,1041.704978942871,905.3526592254639,0.3151507079601288
158,Right Ankle,967.1943283081055,875.5794310569763,0.10204736888408661
159,Nose,451.70817375183105,911.9634461402893,0.851487398147583
159,Left Eye,450.0648880004883,868.1103587150574,0.9191552996635437
159,Right Eye,485.6927490234375,867.8666424751282,0.922326385974884
159,Left Ear,500.27246475219727,858.6055541038513,0.9352525472640991
159,Right Ear,418.44457626342773,871.7425417900085,0.8784914016723633
159,Left Shoulder,741.6152572631836,860.8886075019836,0.997793972492218
159,Right Shoulder,391.9870662689209,689.4648098945618,0.9546098709106445
159,Left Elbow,926.0239791870117,1132.9161643981934,0.6974046230316162
159,Right Elbow,468.1758785247803,603.6284780502319,0.12238600850105286
159,Left Wrist,909.9991607666016,1424.5227098464966,0.568008542060852
159,Right Wrist,350.8246421813965,677.2042608261108,0.11581838130950928
159,Left Hip,883.9793014526367,767.3721885681152,0.9929073452949524
159,Right Hip,778.439769744873,724.5605278015137,0.9728744626045227
159,Left Knee,999.9191665649414,911.498544216156,0.44194361567497253
159,Right Knee,907.7518844604492,861.7148351669312,0.1541973501443863
159,Left Ankle,1063.1058883666992,917.924644947052,0.3279741108417511
159,Right Ankle,970.0292587280273,878.4532999992371,0.09982405602931976
160,Nose,461.99941635131836,925.055501461029,0.8662557005882263
160,Left Eye,472.4088764190674,883.1182193756104,0.9272032380104065
160,Right Eye,502.77854919433594,872.4637126922607,0.9300612807273865
160,Left Ear,518.0647087097168,862.6037621498108,0.9416893720626831
160,Right Ear,423.60706329345703,892.1714472770691,0.8905597925186157
160,Left Shoulder,800.683422088623,860.027232170105,0.9978205561637878
160,Right Shoulder,478.9830207824707,681.3216233253479,0.9585054516792297
160,Left Elbow,970.1226425170898,1119.494776725769,0.7257145643234253
160,Right Elbow,535.5085945129395,658.6675357818604,0.11524473130702972
160,Left Wrist,869.1525650024414,1330.7789897918701,0.6084051132202148
160,Right Wrist,460.95168113708496,735.05126953125,0.11057101935148239
160,Left Hip,951.6989135742188,811.2593293190002,0.992526113986969
160,Right Hip,821.674861907959,752.3799061775208,0.9675131440162659
160,Left Knee,1059.8371124267578,913.2292771339417,0.4190455973148346
160,Right Knee,947.1867942810059,872.8300595283508,0.1421414315700531
160,Left Ankle,1122.8488540649414,922.130970954895,0.3454740643501282
160,Right Ankle,1006.2534713745117,863.7425851821899,0.09850984066724777
161,Nose,460.1250743865967,926.5564870834351,0.8796032667160034
161,Left Eye,471.19282722473145,889.2782020568848,0.9344714283943176
161,Right Eye,493.4464645385742,879.9572467803955,0.9370453953742981
161,Left Ear,510.05258560180664,870.2635073661804,0.9475094676017761
161,Right Ear,423.71652603149414,895.1795983314514,0.9014737010002136
161,Left Shoulder,808.4738731384277,912.0717859268188,0.9977222084999084
161,Right Shoulder,494.1705894470215,676.8771815299988,0.9612687230110168
161,Left Elbow,981.9965744018555,1153.4036493301392,0.7507215142250061
161,Right Elbow,507.83203125,642.8064751625061,0.11851417273283005
161,Left Wrist,834.0499877929688,1322.3062133789062,0.6438367962837219
161,Right Wrist,368.14441680908203,710.1665282249451,0.11709270626306534
161,Left Hip,949.9714279174805,832.6617479324341,0.9925373792648315
161,Right Hip,793.5663414001465,780.5468344688416,0.9645932912826538
161,Left Knee,1079.6320724487305,961.4343023300171,0.40904831886291504
161,Right Knee,950.1104164123535,906.9482088088989,0.13251672685146332
161,Left Ankle,1189.0989303588867,963.6567807197571,0.3669288754463196
161,Right Ankle,1042.8666687011719,871.5975737571716,0.09774840623140335
162,Nose,459.23269271850586,933.616726398468,0.8915971517562866
162,Left Eye,468.25535774230957,897.7538752555847,0.9410009980201721
162,Right Eye,487.8200912475586,889.0317177772522,0.943324089050293
162,Left Ear,502.25292205810547,880.3540420532227,0.9527382254600525
162,Right Ear,423.7907409667969,901.1982178688049,0.9112685918807983
162,Left Shoulder,824.5565414428711,899.2696666717529,0.997721254825592
162,Right Shoulder,524.6332740783691,654.2330074310303,0.9643435478210449
162,Left Elbow,1002.8823852539062,1169.2027187347412,0.7733453512191772
162,Right Elbow,590.5795097351074,635.558717250824,0.10971168428659439
162,Left Wrist,950.7428169250488,1370.4944372177124,0.6766894459724426
162,Right Wrist,491.440372467041,707.356903553009,0.10912830382585526
162,Left Hip,974.9077606201172,844.1235566139221,0.9925318360328674
162,Right Hip,819.7642135620117,761.9794678688049,0.9633185863494873
162,Left Knee,1084.5166397094727,939.4997119903564,0.3746398687362671
162,Right Knee,970.7029724121094,836.528570652008,0.12144754081964493
162,Left Ankle,1155.8950424194336,885.5637502670288,0.36474746465682983
162,Right Ankle,1047.4810409545898,799.2240858078003,0.0964307188987732
163,Nose,458.5000419616699,922.0620918273926,0.9023028016090393
163,Left Eye,466.44530296325684,889.5976209640503,0.9468488097190857
163,Right Eye,484.7992515563965,884.6491384506226,0.9489555954933167
163,Left Ear,497.8809928894043,879.2948484420776,0.9574181437492371
163,Right Ear,424.1272258758545,885.26859998703,0.9199644923210144
163,Left Shoulder,817.3487091064453,940.5735182762146,0.9966541528701782
163,Right Shoulder,520.4711723327637,654.099690914154,0.9647937417030334
163,Left Elbow,1000.9267044067383,1121.4061403274536,0.7738713026046753
163,Right Elbow,561.3729858398438,629.2908453941345,0.10447670519351959
163,Left Wrist,834.1819953918457,1160.9696674346924,0.6791996955871582
163,Right Wrist,312.96040534973145,695.8233189582825,0.10609447211027145
163,Left Hip,966.1626434326172,852.5463151931763,0.9918854832649231
163,Right Hip,810.4987907409668,769.8317527770996,0.9623555541038513
163,Left Knee,1064.0198135375977,957.3002672195435,0.34560176730155945
163,Right Knee,955.8940887451172,837.3009824752808,0.112270288169384
163,Left Ankle,1144.1721725463867,902.8882026672363,0.3396407961845398
163,Right Ankle,1037.1622467041016,816.9083189964294,0.08974876254796982
164,Nose,471.69814109802246,918.8583111763,0.9119082093238831
164,Left Eye,483.27930450439453,884.1351199150085,0.9520992636680603
164,Right Eye,502.6523208618164,878.1506824493408,0.9540162086486816
164,Left Ear,517.6442527770996,871.958384513855,0.9616212844848633
164,Right Ear,442.24416732788086,881.3258171081543,0.9277135729789734
164,Left Shoulder,803.6185455322266,921.0963034629822,0.9964814782142639
164,Right Shoulder,518.3538436889648,663.4446573257446,0.9667534828186035
164,Left Elbow,974.2952728271484,1100.248146057129,0.7855749130249023
164,Right Elbow,532.7822685241699,646.4864873886108,0.09787756204605103
164,Left Wrist,756.1883926391602,1066.303482055664,0.6906017661094666
164,Right Wrist,336.0015678405762,697.1344685554504,0.10167699307203293
164,Left Hip,949.2974281311035,833.0280947685242,0.9912990927696228
164,Right Hip,815.6810760498047,767.4709367752075,0.9612496495246887
164,Left Knee,1045.213851928711,933.7225556373596,0.32139667868614197
164,Right Knee,944.9724769592285,841.8307828903198,0.10538887232542038
164,Left Ankle,1126.9817733764648,868.166298866272,0.3246777653694153
164,Right Ankle,1020.5395889282227,824.8727416992188,0.08631785213947296
165,Nose,478.4329032897949,928.7286257743835,0.9206157326698303
165,Left Eye,492.8207015991211,891.3159942626953,0.9568429589271545
165,Right Eye,509.98111724853516,882.5082206726074,0.9585831761360168
165,Left Ear,524.051570892334,876.1104440689087,0.9654168486595154
165,Right Ear,456.62644386291504,892.4821758270264,0.9348060488700867
165,Left Shoulder,826.0996055603027,960.3130531311035,0.9963136315345764
165,Right Shoulder,544.6162033081055,662.5310754776001,0.9683143496513367
165,Left Elbow,1034.2395401000977,1108.6574506759644,0.7905521392822266
165,Right Elbow,606.108512878418,634.6303939819336,0.09072130173444748
165,Left Wrist,903.0327415466309,1108.0269813537598,0.7088046669960022
165,Right Wrist,465.1859951019287,694.3857407569885,0.09674478322267532
165,Left Hip,958.2682228088379,835.1927661895752,0.9913102984428406
165,Right Hip,825.8768463134766,778.8984990119934,0.9614299535751343
165,Left Knee,1048.022575378418,928.9771056175232,0.2974843680858612
165,Right Knee,958.0102729797363,844.581892490387,0.09897799044847488
165,Left Ankle,1118.5725402832031,871.3407254219055,0.3188467025756836
165,Right Ankle,1025.570068359375,822.0072412490845,0.08828428387641907
166,Nose,489.7317123413086,919.5880436897278,0.9285323023796082
166,Left Eye,504.68027114868164,885.1476430892944,0.9611490964889526
166,Right Eye,521.7954254150391,877.3940420150757,0.9627174139022827
166,Left Ear,542.5135231018066,873.5389995574951,0.9688666462898254
166,Right Ear,464.9622917175293,886.1632561683655,0.9413013458251953
166,Left Shoulder,854.8687934875488,934.610002040863,0.9965130090713501
166,Right Shoulder,561.3101005554199,671.075177192688,0.9706764817237854
166,Left Elbow,1077.0031356811523,1107.7385902404785,0.8106067180633545
166,Right Elbow,632.5689697265625,637.9282879829407,0.08506447821855545
166,Left Wrist,1162.815170288086,1381.7935752868652,0.7371730208396912
166,Right Wrist,571.7218208312988,709.7977995872498,0.0949474573135376
166,Left Hip,978.7741470336914,837.4319171905518,0.9920443296432495
166,Right Hip,835.7201957702637,774.4123435020447,0.9640188217163086
166,Left Knee,1047.832260131836,925.8129787445068,0.27296382188796997
166,Right Knee,944.1692733764648,834.8336291313171,0.09103024005889893
166,Left Ankle,1113.0012130737305,870.2059578895569,0.3342483937740326
166,Right Ankle,1007.8482055664062,803.5758304595947,0.08887472748756409
167,Nose,486.068058013916,913.809084892273,0.9356208443641663
167,Left Eye,508.1740951538086,880.9127998352051,0.9650013446807861
167,Right Eye,525.1805877685547,874.0891313552856,0.966423749923706
167,Left Ear,545.5932998657227,871.0658526420593,0.9719516634941101
167,Right Ear,465.08774757385254,881.0398077964783,0.9470698833465576
167,Left Shoulder,843.0767440795898,941.1658143997192,0.9966655373573303
167,Right Shoulder,543.8739395141602,667.1864032745361,0.9726110100746155
167,Left Elbow,1049.2073822021484,1134.341254234314,0.8240865468978882
167,Right Elbow,591.20361328125,634.8260879516602,0.07946880161762238
167,Left Wrist,1087.4396896362305,1283.607473373413,0.7594115734100342
167,Right Wrist,504.4163703918457,739.5421242713928,0.09209291636943817
167,Left Hip,974.2517852783203,832.5086045265198,0.9925435185432434
167,Right Hip,837.1159744262695,769.9456286430359,0.9654873609542847
167,Left Knee,1047.8199005126953,919.6625876426697,0.250204861164093
167,Right Knee,948.4420394897461,830.7275319099426,0.0835895836353302
167,Left Ankle,1111.8991470336914,861.9694948196411,0.34087052941322327
167,Right Ankle,1012.7850723266602,801.3029479980469,0.09037156403064728
168,Nose,484.63491439819336,910.7258105278015,0.9420166611671448
168,Left Eye,508.69543075561523,878.8158488273621,0.9684799313545227
168,Right Eye,526.5465545654297,872.2457456588745,0.9697675704956055
168,Left Ear,545.5587387084961,869.0730571746826,0.9747403860092163
168,Right Ear,463.23726654052734,878.6389517784119,0.9522898197174072
168,Left Shoulder,865.2851486206055,933.6981582641602,0.9969047904014587
168,Right Shoulder,531.5687370300293,667.4188542366028,0.9747642278671265
168,Left Elbow,1095.3935623168945,1118.7208843231201,0.8379990458488464
168,Right Elbow,574.8618507385254,633.4064698219299,0.07592987269163132
168,Left Wrist,1183.2883071899414,1263.1499862670898,0.7799508571624756
168,Right Wrist,480.6390953063965,737.8054690361023,0.09201136231422424
168,Left Hip,989.8978042602539,827.4620175361633,0.9932120442390442
168,Right Hip,845.1900100708008,769.2587041854858,0.9682532548904419
168,Left Knee,1057.686767578125,920.2987861633301,0.2306903600692749
168,Right Knee,948.3053970336914,811.6726684570312,0.07744742184877396
168,Left Ankle,1124.4187545776367,839.9604249000549,0.3517863154411316
168,Right Ankle,1018.3359146118164,777.7051520347595,0.09075773507356644
169,Nose,505.6194305419922,884.9357271194458,0.9477569460868835
169,Left Eye,523.6750030517578,856.0209774971008,0.9716014862060547
169,Right Eye,540.9589004516602,850.5972933769226,0.9727693200111389
169,Left Ear,567.2507286071777,859.4593334197998,0.9772444367408752
169,Right Ear,477.79993057250977,855.6353831291199,0.956953763961792
169,Left Shoulder,847.9273796081543,862.1595883369446,0.9970890283584595
169,Right Shoulder,545.3259658813477,652.1265292167664,0.9769304394721985
169,Left Elbow,865.9468460083008,1034.098048210144,0.8528955578804016
169,Right Elbow,555.6111717224121,682.5035762786865,0.077657550573349
169,Left Wrist,618.5824584960938,984.4611740112305,0.7963671088218689
169,Right Wrist,451.7571830749512,807.7914905548096,0.0969543382525444
169,Left Hip,994.4985580444336,816.7305207252502,0.9935266971588135
169,Right Hip,863.5078811645508,743.2209777832031,0.9699580669403076
169,Left Knee,1061.8377685546875,893.3385300636292,0.2260044366121292
169,Right Knee,968.5166931152344,789.4847702980042,0.07301895320415497
169,Left Ankle,1147.378921508789,846.6082906723022,0.34463226795196533
169,Right Ankle,1049.5873260498047,773.1263637542725,0.08849118649959564
170,Nose,692.0500946044922,774.0197324752808,0.9512410759925842
170,Left Eye,684.7752571105957,742.6904153823853,0.9737392663955688
170,Right Eye,689.1236114501953,731.979067325592,0.9747857451438904
170,Left Ear,694.7113609313965,716.8198657035828,0.9784902334213257
170,Right Ear,661.7888259887695,788.283634185791,0.9604126214981079
170,Left Shoulder,716.8264389038086,659.665253162384,0.993658721446991
170,Right Shoulder,560.5986213684082,856.5655732154846,0.9785624146461487
170,Left Elbow,863.946533203125,693.4916639328003,0.7911410331726074
170,Right Elbow,647.6452445983887,1010.7027053833008,0.09640928357839584
170,Left Wrist,735.1702880859375,742.9502248764038,0.7211828231811523
170,Right Wrist,539.6183395385742,905.1970052719116,0.09620998054742813
170,Left Hip,966.0428237915039,749.0749311447144,0.9919761419296265
170,Right Hip,875.4367446899414,845.9536170959473,0.9704800248146057
170,Left Knee,1058.3110427856445,817.3316359519958,0.2147359848022461
170,Right Knee,1012.4682998657227,882.1475386619568,0.07536592334508896
170,Left Ankle,1137.392349243164,849.3055200576782,0.3210117816925049
170,Right Ankle,1083.7310028076172,841.2190461158752,0.08590788394212723
171,Nose,736.7575263977051,759.4526982307434,0.954653263092041
171,Left Eye,733.4044647216797,720.6455540657043,0.9758014678955078
171,Right Eye,735.2731704711914,712.7876687049866,0.9768047332763672
171,Left Ear,737.596378326416,699.4834399223328,0.9798688292503357
171,Right Ear,712.2002220153809,756.1186265945435,0.9637137055397034
171,Left Shoulder,709.9161529541016,658.2772421836853,0.9934636354446411
171,Right Shoulder,559.511833190918,879.8586916923523,0.980452835559845
171,Left Elbow,886.4225006103516,644.4503688812256,0.7447230815887451
171,Right Elbow,699.6776390075684,1019.6503615379333,0.10063707083463669
171,Left Wrist,781.0964012145996,710.192084312439,0.6551142334938049
171,Right Wrist,656.9150161743164,889.517412185669,0.08952517807483673
171,Left Hip,963.9872360229492,754.6041226387024,0.9906215667724609
171,Right Hip,900.9872817993164,906.5172958374023,0.9704963564872742
171,Left Knee,1055.1949310302734,826.1887192726135,0.2096163034439087
171,Right Knee,1038.7842178344727,967.1362066268921,0.08687273412942886
171,Left Ankle,1132.4973678588867,854.7391176223755,0.30097275972366333
171,Right Ankle,1106.9508361816406,908.9690709114075,0.08679093420505524
172,Nose,751.2814521789551,784.4845962524414,0.9563387632369995
172,Left Eye,735.4145050048828,744.2257761955261,0.976952075958252
172,Right Eye,741.9477653503418,735.7500386238098,0.9778658747673035
172,Left Ear,748.2222175598145,722.2086596488953,0.9804693460464478
172,Right Ear,713.8813018798828,779.9839568138123,0.965594470500946
172,Left Shoulder,731.7074203491211,679.373631477356,0.9926313757896423
172,Right Shoulder,595.7516670227051,862.859902381897,0.9810559153556824
172,Left Elbow,897.1445274353027,692.8114986419678,0.7027873396873474
172,Right Elbow,683.5103988647461,967.1177959442139,0.09725553542375565
172,Left Wrist,807.1482467651367,725.9709405899048,0.5955106019973755
172,Right Wrist,650.5075263977051,868.3735156059265,0.08181733638048172
172,Left Hip,991.0082244873047,757.1727347373962,0.9880979657173157
172,Right Hip,914.5773696899414,884.0840721130371,0.9678289294242859
172,Left Knee,1061.3766860961914,905.3704261779785,0.20125123858451843
172,Right Knee,1024.5132064819336,988.4901523590088,0.08766932040452957
172,Left Ankle,1148.0118942260742,910.3845047950745,0.276701420545578
172,Right Ankle,1129.0309524536133,975.1590800285339,0.08088981360197067
173,Nose,757.3906517028809,776.0216689109802,0.9558934569358826
173,Left Eye,746.9012260437012,741.9965386390686,0.9764781594276428
173,Right Eye,750.4490089416504,724.1991376876831,0.9772980213165283
173,Left Ear,751.5078163146973,716.0947680473328,0.9795558452606201
173,Right Ear,722.9829025268555,776.0740041732788,0.9659566879272461
173,Left Shoulder,732.000560760498,691.6592860221863,0.9912282228469849
173,Right Shoulder,644.546012878418,897.424156665802,0.9814674258232117
173,Left Elbow,837.9034423828125,678.3820295333862,0.6511306762695312
173,Right Elbow,701.9561004638672,1010.8480596542358,0.1071118712425232
173,Left Wrist,802.9683494567871,703.8815331459045,0.5385395884513855
173,Right Wrist,662.358455657959,867.3902177810669,0.0771106481552124
173,Left Hip,989.4533157348633,785.8440256118774,0.9859828352928162
173,Right Hip,953.6711883544922,916.1461472511292,0.9668458104133606
173,Left Knee,1059.9922943115234,844.8063611984253,0.1878398209810257
173,Right Knee,1046.2841033935547,957.9291272163391,0.09096062183380127
173,Left Ankle,1142.0056915283203,857.7163696289062,0.2532133460044861
173,Right Ankle,1119.0613174438477,922.8038620948792,0.07645855844020844
174,Nose,777.7755546569824,789.3726968765259,0.9560527205467224
174,Left Eye,761.5899467468262,749.6114802360535,0.9767991304397583
174,Right Eye,768.0095672607422,737.8305101394653,0.9775110483169556
174,Left Ear,775.5952262878418,723.179018497467,0.9796128869056702
174,Right Ear,738.6857986450195,787.1368288993835,0.966132640838623
174,Left Shoulder,768.6273765563965,720.2273869514465,0.9901090264320374
174,Right Shoulder,656.1302947998047,889.4535541534424,0.9819784164428711
174,Left Elbow,962.5797271728516,763.8387537002563,0.6092123985290527
174,Right Elbow,724.4936370849609,1019.4571137428284,0.11587090790271759
174,Left Wrist,915.8248901367188,778.9852094650269,0.4898817241191864
174,Right Wrist,625.5897331237793,873.9440989494324,0.07386237382888794
174,Left Hip,1028.2669830322266,828.6206030845642,0.9815132021903992
174,Right Hip,987.1030426025391,917.5560450553894,0.9645910859107971
174,Left Knee,1098.841323852539,855.8420205116272,0.17512324452400208
174,Right Knee,1083.644142150879,961.66823387146,0.09746983647346497
174,Left Ankle,1164.5008850097656,875.8927989006042,0.23272587358951569
174,Right Ankle,1152.216567993164,925.7052826881409,0.07423625141382217
175,Nose,750.5411338806152,795.7517409324646,0.9591779112815857
175,Left Eye,759.4283294677734,759.7440505027771,0.9786427021026611
175,Right Eye,765.9167289733887,749.5836710929871,0.9792649745941162
175,Left Ear,769.5056533813477,731.4005470275879,0.9810805320739746
175,Right Ear,726.3341331481934,784.4277548789978,0.968712568283081
175,Left Shoulder,787.5128746032715,796.3672757148743,0.990028440952301
175,Right Shoulder,667.1204566955566,811.5002131462097,0.9810205101966858
175,Left Elbow,901.7266845703125,863.0089902877808,0.5822135210037231
175,Right Elbow,695.284309387207,998.262619972229,0.11026592552661896
175,Left Wrist,862.7103996276855,802.0597171783447,0.45359328389167786
175,Right Wrist,643.6391830444336,854.9366784095764,0.06908664852380753
175,Left Hip,1032.5019836425781,872.5168204307556,0.9812024235725403
175,Right Hip,975.2244186401367,891.9767832756042,0.96376633644104
175,Left Knee,1088.8481140136719,943.5221886634827,0.1678687483072281
175,Right Knee,1056.390151977539,951.886625289917,0.09259749203920364
175,Left Ankle,1175.2354431152344,962.9869794845581,0.21881221234798431
175,Right Ankle,1156.4237594604492,955.092465877533,0.07012531161308289
176,Nose,780.3581428527832,800.9610629081726,0.9609166383743286
176,Left Eye,793.3792877197266,765.31733751297,0.9800329804420471
176,Right Eye,798.4612083435059,755.6428456306458,0.9805790781974792
176,Left Ear,801.7767333984375,738.3297228813171,0.9822405576705933
176,Right Ear,758.6185455322266,789.0427207946777,0.9704363346099854
176,Left Shoulder,799.1799545288086,787.5672268867493,0.9906349778175354
176,Right Shoulder,673.0977630615234,839.6037983894348,0.9801139235496521
176,Left Elbow,905.7650756835938,833.3806657791138,0.5522724390029907
176,Right Elbow,695.0189208984375,947.3959636688232,0.10287953168153763
176,Left Wrist,891.1686515808105,782.5475478172302,0.415653258562088
176,Right Wrist,645.1837348937988,862.4385809898376,0.06319976598024368
176,Left Hip,1053.3009338378906,875.9733939170837,0.9818426370620728
176,Right Hip,996.1174392700195,906.181526184082,0.9641335606575012
176,Left Knee,1100.9941864013672,944.805657863617,0.15721562504768372
176,Right Knee,1057.9892349243164,976.7763876914978,0.08675242215394974
176,Left Ankle,1190.5312728881836,989.4371438026428,0.20221368968486786
176,Right Ankle,1163.5206985473633,996.2400841712952,0.06490280479192734
178,Nose,727.3907661437988,849.5024371147156,0.9643813371658325
178,Left Eye,740.0640678405762,818.0452108383179,0.9817445874214172
178,Right Eye,751.4303970336914,815.9502553939819,0.9822068214416504
178,Left Ear,762.7275466918945,813.9873933792114,0.983719527721405
178,Right Ear,717.2541046142578,813.0890679359436,0.9729024767875671
178,Left Shoulder,957.443904876709,841.488447189331,0.9911940693855286
178,Right Shoulder,759.4931602478027,774.0188956260681,0.9819471836090088
178,Left Elbow,943.4294700622559,997.3680925369263,0.5678703784942627
178,Right Elbow,670.5124282836914,901.6609954833984,0.1272619366645813
178,Left Wrist,812.4769020080566,917.1343374252319,0.40701359510421753
178,Right Wrist,607.9030609130859,912.1614575386047,0.07758815586566925
178,Left Hip,969.0331649780273,1124.7576570510864,0.9636092185974121
178,Right Hip,885.391788482666,1090.4437494277954,0.9516973495483398
178,Left Knee,769.4699478149414,934.5583748817444,0.20683132112026215
178,Right Knee,711.1508560180664,949.1193580627441,0.08846684545278549
178,Left Ankle,605.2361297607422,1013.9236736297607,0.21535786986351013
178,Right Ankle,587.5466537475586,992.0973587036133,0.06811059266328812
179,Nose,778.5879135131836,897.0341849327087,0.9677676558494568
179,Left Eye,801.5142059326172,861.9411063194275,0.9834657907485962
179,Right Eye,818.0921173095703,858.8328552246094,0.9838742613792419
179,Left Ear,834.5514106750488,855.9785556793213,0.9852403998374939
179,Right Ear,758.0290603637695,852.4191784858704,0.9754495024681091
179,Left Shoulder,1023.7758636474609,852.1220326423645,0.9917309284210205
179,Right Shoulder,765.2213287353516,774.2443299293518,0.983612060546875
179,Left Elbow,952.5781631469727,997.0594882965088,0.5906220078468323
179,Right Elbow,653.5900497436523,871.2560749053955,0.12741318345069885
179,Left Wrist,742.9269218444824,948.9901614189148,0.39540982246398926
179,Right Wrist,607.9080390930176,890.7263374328613,0.07449041306972504
179,Left Hip,1021.413459777832,1111.8896198272705,0.9385583400726318
179,Right Hip,902.1707153320312,1070.9509563446045,0.9341988563537598
179,Left Knee,818.5832977294922,969.7995758056641,0.19507284462451935
179,Right Knee,761.4637184143066,971.9242072105408,0.08575113862752914
179,Left Ankle,681.3879776000977,1034.1850805282593,0.19763559103012085
179,Right Ankle,656.9661712646484,1033.407325744629,0.06374935805797577
180,Nose,792.8622436523438,915.7676339149475,0.9703240394592285
180,Left Eye,803.3797073364258,874.4321751594543,0.9847052097320557
180,Right Eye,826.4756011962891,876.6125535964966,0.9850592017173767
180,Left Ear,841.1235809326172,872.0354390144348,0.9862543940544128
180,Right Ear,759.9587631225586,867.279109954834,0.977344810962677
180,Left Shoulder,1035.8888626098633,827.6617670059204,0.9921141266822815
180,Right Shoulder,762.0390129089355,785.1126837730408,0.9851624369621277
180,Left Elbow,946.8431854248047,942.2200512886047,0.5994024276733398
180,Right Elbow,634.7411155700684,875.3505206108093,0.12721498310565948
180,Left Wrist,719.1895866394043,906.9485950469971,0.3816584050655365
180,Right Wrist,603.6165618896484,887.831289768219,0.07153180986642838
180,Left Hip,1037.1156692504883,1073.2067799568176,0.9209166169166565
180,Right Hip,901.0660743713379,1060.1460099220276,0.9290284514427185
180,Left Knee,889.3462371826172,978.8842821121216,0.17893491685390472
180,Right Knee,750.747013092041,997.657642364502,0.08140066266059875
180,Left Ankle,712.2115516662598,1032.0599341392517,0.17993898689746857
180,Right Ankle,654.8690986633301,1029.1595435142517,0.06020539626479149
