Frame,Keypoint,X,Y,Confidence
1,Nose,668.9553678035736,384.20297741889954,0.9998724460601807
1,Left Eye,679.1696906089783,360.76260566711426,0.9996702671051025
1,Right Eye,687.3600840568542,357.6095509529114,0.9997310042381287
1,Left Ear,694.9139058589935,354.0759873390198,0.999711811542511
1,Right Ear,656.9175481796265,363.9108967781067,0.9994218349456787
1,Left Shoulder,791.6225075721741,375.82305908203125,0.9999927282333374
1,Right Shoulder,583.0715656280518,389.54880237579346,0.9998878240585327
1,Left Elbow,810.6425523757935,482.56269335746765,0.9792608618736267
1,Right Elbow,598.0773210525513,492.4925208091736,0.9430273175239563
1,Left Wrist,724.9922275543213,569.4576072692871,0.9511988162994385
1,Right Wrist,661.3916456699371,580.6281280517578,0.8442614674568176
1,Left Hip,757.7511787414551,585.7641291618347,0.9998430013656616
1,Right Hip,646.8089818954468,586.601300239563,0.9997081160545349
1,Left Knee,781.3735008239746,593.7812089920044,0.985714852809906
1,Right Knee,583.2676708698273,588.5070633888245,0.9697924852371216
1,Left Ankle,758.7156414985657,738.86479139328,0.953177273273468
1,Right Ankle,637.7856492996216,727.4443745613098,0.9567890763282776
2,Nose,669.2059576511383,372.474889755249,0.9997655153274536
2,Left Eye,679.063081741333,350.7145893573761,0.9993271231651306
2,Right Eye,687.2903227806091,347.74200439453125,0.9994511604309082
2,Left Ear,694.9017763137817,344.33647871017456,0.9994016885757446
2,Right Ear,657.0652663707733,353.98805379867554,0.9990113377571106
2,Left Shoulder,791.636472940445,375.181485414505,0.9999847412109375
2,Right Shoulder,586.0692024230957,386.9041335582733,0.9998825788497925
2,Left Elbow,814.0178442001343,479.3563377857208,0.9770474433898926
2,Right Elbow,598.0659782886505,487.89071917533875,0.9357808232307434
2,Left Wrist,724.6315538883209,569.0588164329529,0.9435791969299316
2,Right Wrist,661.9417369365692,579.0932822227478,0.8393869996070862
2,Left Hip,759.7956955432892,583.715136051178,0.9997934103012085
2,Right Hip,652.2599995136261,581.0635471343994,0.9996640086174011
2,Left Knee,773.7950921058655,555.2898144721985,0.9861007332801819
2,Right Knee,585.1556181907654,575.2815628051758,0.9705221652984619
2,Left Ankle,758.7335407733917,738.9168691635132,0.9551935791969299
2,Right Ankle,644.3424224853516,731.319694519043,0.9577262997627258
3,Nose,667.1043992042542,368.80537033081055,0.999565839767456
3,Left Eye,676.0826885700226,347.45792627334595,0.9986150860786438
3,Right Eye,685.1378858089447,344.9897038936615,0.9988535046577454
3,Left Ear,693.8752889633179,341.93336963653564,0.9987279772758484
3,Right Ear,655.4258108139038,349.86818075180054,0.998124361038208
3,Left Shoulder,794.384241104126,375.1447284221649,0.9999693632125854
3,Right Shoulder,586.0945761203766,384.79456543922424,0.9998774528503418
3,Left Elbow,814.778858423233,479.34690713882446,0.9751814007759094
3,Right Elbow,597.9492723941803,486.2333071231842,0.9303276538848877
3,Left Wrist,724.3025481700897,568.9520859718323,0.935169517993927
3,Right Wrist,662.2816920280457,578.0384016036987,0.8354274034500122
3,Left Hip,759.9841952323914,583.7092781066895,0.9997291564941406
3,Right Hip,652.4239778518677,580.2470397949219,0.9996131062507629
3,Left Knee,773.7374603748322,554.0123963356018,0.9850316643714905
3,Right Knee,590.3353273868561,573.1006693840027,0.9697205424308777
3,Left Ankle,758.7335407733917,738.7355303764343,0.9535729289054871
3,Right Ankle,651.6478836536407,734.722580909729,0.9566367864608765
4,Nose,667.0473575592041,366.99458956718445,0.999325156211853
4,Left Eye,675.8184611797333,345.1223123073578,0.9978765249252319
4,Right Eye,685.0316047668457,342.5206768512726,0.9982444643974304
4,Left Ear,693.8739120960236,339.3236231803894,0.9980616569519043
4,Right Ear,655.1360130310059,348.01034331321716,0.997194230556488
4,Left Shoulder,794.9782609939575,375.04578709602356,0.999954104423523
4,Right Shoulder,586.5039646625519,383.3839273452759,0.999860405921936
4,Left Elbow,815.9368693828583,479.38958644866943,0.9737025499343872
4,Right Elbow,597.6795375347137,485.63727736473083,0.9239063858985901
4,Left Wrist,724.2935657501221,568.8927340507507,0.928718090057373
4,Right Wrist,662.804901599884,577.5232243537903,0.8293372988700867
4,Left Hip,759.9801957607269,584.0630078315735,0.999632716178894
4,Right Hip,652.4555802345276,579.2391514778137,0.9995144009590149
4,Left Knee,773.9953935146332,555.120062828064,0.9835753440856934
4,Right Knee,595.2369093894958,571.1729550361633,0.967708170413971
4,Left Ankle,758.7189853191376,738.7366247177124,0.9511396288871765
4,Right Ankle,658.4890127182007,735.5840849876404,0.9539223313331604
5,Nose,667.6881909370422,367.5194549560547,0.9991967082023621
5,Left Eye,676.561313867569,345.7325041294098,0.9974948167800903
5,Right Eye,685.9800696372986,343.1034457683563,0.9979235529899597
5,Left Ear,694.991010427475,339.83802795410156,0.9977065920829773
5,Right Ear,655.3768336772919,348.3996069431305,0.9966900944709778
5,Left Shoulder,795.3427374362946,374.8982763290405,0.9999455809593201
5,Right Shoulder,586.8014335632324,383.0346393585205,0.9998487830162048
5,Left Elbow,817.502236366272,479.40484285354614,0.972658634185791
5,Right Elbow,597.691011428833,485.5805969238281,0.9189580678939819
5,Left Wrist,724.2609798908234,568.9206719398499,0.9246835112571716
5,Right Wrist,663.3954465389252,577.0893502235413,0.8237299919128418
5,Left Hip,759.9605917930603,584.236171245575,0.9995620846748352
5,Right Hip,652.2761285305023,578.362455368042,0.9994317293167114
5,Left Knee,774.2712259292603,552.1648263931274,0.9822555184364319
5,Right Knee,596.3115215301514,569.7996211051941,0.9655870795249939
5,Left Ankle,758.7130188941956,738.6810064315796,0.9491863250732422
5,Right Ankle,659.5227777957916,735.1981043815613,0.9510948657989502
6,Nose,668.5086071491241,365.5152976512909,0.9991179704666138
6,Left Eye,677.7033269405365,343.81840467453003,0.9972395300865173
6,Right Eye,687.1521770954132,341.05178117752075,0.9977119565010071
6,Left Ear,696.0586726665497,337.6895785331726,0.9974704384803772
6,Right Ear,655.7520627975464,346.7257797718048,0.9963589906692505
6,Left Shoulder,795.4325616359711,374.75523948669434,0.9999376535415649
6,Right Shoulder,588.1640076637268,382.5856375694275,0.9998400211334229
6,Left Elbow,817.8446829319,479.3557584285736,0.9713917970657349
6,Right Elbow,597.6748824119568,484.88871574401855,0.9141110777854919
6,Left Wrist,724.1449952125549,569.1398620605469,0.9193964600563049
6,Right Wrist,664.141970872879,576.6050720214844,0.8170111775398254
6,Left Hip,759.9958002567291,584.2472434043884,0.9994840621948242
6,Right Hip,652.4393200874329,577.0335388183594,0.9993427991867065
6,Left Knee,773.5978066921234,551.9670081138611,0.9810800552368164
6,Right Knee,600.976151227951,570.3994488716125,0.9641446471214294
6,Left Ankle,758.7821245193481,738.7260031700134,0.9481380581855774
6,Right Ankle,661.406397819519,734.9326300621033,0.9488339424133301
7,Nose,669.0010011196136,364.37798738479614,0.9990638494491577
7,Left Eye,678.045380115509,342.1520447731018,0.9970349073410034
7,Right Eye,687.4407291412354,339.14154410362244,0.9975430369377136
7,Left Ear,696.3071644306183,335.59710144996643,0.9972846508026123
7,Right Ear,656.1548948287964,345.54672360420227,0.9960908889770508
7,Left Shoulder,795.5094039440155,374.6664369106293,0.9999326467514038
7,Right Shoulder,589.3553256988525,382.52551317214966,0.9998383522033691
7,Left Elbow,818.0334448814392,479.4693446159363,0.9705772399902344
7,Right Elbow,597.9991018772125,485.03535747528076,0.9104098081588745
7,Left Wrist,724.097329378128,570.5786633491516,0.9158179759979248
7,Right Wrist,665.6017124652863,576.6214227676392,0.8129910826683044
7,Left Hip,760.1349949836731,584.1946506500244,0.9994434118270874
7,Right Hip,652.7539014816284,576.7849946022034,0.9993053078651428
7,Left Knee,773.6629784107208,552.4845027923584,0.9805222153663635
7,Right Knee,602.3641645908356,570.6698155403137,0.9640935063362122
7,Left Ankle,759.8072350025177,740.4652976989746,0.9481163024902344
7,Right Ankle,662.4769449234009,735.2507615089417,0.9483361840248108
8,Nose,669.166487455368,364.4338309764862,0.9990184307098389
8,Left Eye,678.2456815242767,342.1849715709686,0.9969171285629272
8,Right Eye,687.6099526882172,339.2104232311249,0.997434675693512
8,Left Ear,696.4324593544006,335.70550560951233,0.9971698522567749
8,Right Ear,656.4134836196899,345.47633171081543,0.9959431886672974
8,Left Shoulder,796.3088393211365,374.8430120944977,0.9999262690544128
8,Right Shoulder,591.4102017879486,382.4469459056854,0.9998353123664856
8,Left Elbow,817.9615199565887,480.1349937915802,0.9687902927398682
8,Right Elbow,598.3407616615295,485.10082483291626,0.9036368727684021
8,Left Wrist,724.1290628910065,571.9980239868164,0.9109710454940796
8,Right Wrist,666.7409718036652,576.6798090934753,0.8078498840332031
8,Left Hip,760.3788316249847,587.6839256286621,0.9994024634361267
8,Right Hip,653.0503869056702,579.6031808853149,0.9992533326148987
8,Left Knee,773.9888370037079,550.3086948394775,0.9801903963088989
8,Right Knee,601.942777633667,568.7806606292725,0.9638897776603699
8,Left Ankle,760.6501400470734,741.2669992446899,0.9481984972953796
8,Right Ankle,663.3921682834625,736.1608672142029,0.9474169015884399
9,Nose,669.6434736251831,364.126353263855,0.9989627599716187
9,Left Eye,678.5457074642181,341.7666757106781,0.996751606464386
9,Right Eye,687.8450036048889,338.8070619106293,0.997283935546875
9,Left Ear,696.6074526309967,335.3346526622772,0.9970173835754395
9,Right Ear,656.9759666919708,345.04448533058167,0.9957602620124817
9,Left Shoulder,796.5322852134705,375.0732421875,0.9999188780784607
9,Right Shoulder,592.7086532115936,382.4727272987366,0.9998297095298767
9,Left Elbow,817.8834319114685,480.58769702911377,0.966796338558197
9,Right Elbow,598.3595788478851,485.38464546203613,0.8975293040275574
9,Left Wrist,724.3540823459625,573.0319833755493,0.9055681824684143
9,Right Wrist,667.4014747142792,576.7719268798828,0.8009692430496216
9,Left Hip,760.8956813812256,588.8470816612244,0.9993453025817871
9,Right Hip,653.3127784729004,580.2948689460754,0.9991823434829712
9,Left Knee,774.0483701229095,549.6394085884094,0.9798243045806885
9,Right Knee,604.1739583015442,565.8850979804993,0.9632682800292969
9,Left Ankle,761.057037115097,742.4434161186218,0.9477428197860718
9,Right Ankle,663.2325172424316,737.4591422080994,0.945740282535553
10,Nose,669.8126316070557,364.0965485572815,0.9989513754844666
10,Left Eye,678.7452220916748,341.72653913497925,0.996735692024231
10,Right Eye,688.0126535892487,338.8413727283478,0.9972656965255737
10,Left Ear,696.7265188694,335.44679045677185,0.9970005750656128
10,Right Ear,657.237833738327,344.81711983680725,0.9957372546195984
10,Left Shoulder,797.2182929515839,375.2128028869629,0.9999143481254578
10,Right Shoulder,594.6304321289062,382.54022240638733,0.9998247623443604
10,Left Elbow,818.0537045001984,480.6293785572052,0.9655941128730774
10,Right Elbow,598.372232913971,485.8857572078705,0.8922001123428345
10,Left Wrist,724.5180606842041,573.708221912384,0.9024463295936584
10,Right Wrist,668.068140745163,576.7276382446289,0.7937272191047668
10,Left Hip,761.7953658103943,589.3638038635254,0.999317467212677
10,Right Hip,654.3319225311279,580.4268980026245,0.9991380572319031
10,Left Knee,777.8107583522797,544.8612570762634,0.9799414873123169
10,Right Knee,606.3133478164673,563.2924747467041,0.9632763266563416
10,Left Ankle,761.4910125732422,742.5043773651123,0.9484179615974426
10,Right Ankle,663.0867660045624,737.666552066803,0.9451535940170288
11,Nose,670.6589460372925,364.48075890541077,0.9988899827003479
11,Left Eye,679.6850323677063,342.0704197883606,0.9965475797653198
11,Right Eye,688.9840006828308,339.1872489452362,0.9970955848693848
11,Left Ear,697.70947098732,335.7888686656952,0.9968129992485046
11,Right Ear,657.9281032085419,345.10863304138184,0.99549800157547
11,Left Shoulder,799.3996441364288,375.8146905899048,0.9999068975448608
11,Right Shoulder,594.8171615600586,382.7457010746002,0.9998177886009216
11,Left Elbow,818.4388339519501,480.6359124183655,0.9633446931838989
11,Right Elbow,598.4006226062775,486.31683111190796,0.8877397775650024
11,Left Wrist,725.4668533802032,573.8169479370117,0.8962381482124329
11,Right Wrist,668.6213135719299,576.6669988632202,0.7877990007400513
11,Left Hip,762.047266960144,589.8596048355103,0.9992735385894775
11,Right Hip,654.3307423591614,580.4800057411194,0.9990816712379456
11,Left Knee,777.9394626617432,545.4132556915283,0.9792596101760864
11,Right Knee,608.1490397453308,564.2653441429138,0.9621446132659912
11,Left Ankle,761.604505777359,742.4466347694397,0.9471778869628906
11,Right Ankle,663.6539041996002,737.6131868362427,0.9431037306785583
12,Nose,673.1043934822083,365.01750111579895,0.9988806843757629
12,Left Eye,682.833206653595,342.5991153717041,0.996514618396759
12,Right Eye,691.9384956359863,339.8071610927582,0.9970518350601196
12,Left Ear,700.3959357738495,336.4070427417755,0.996770977973938
12,Right Ear,660.185968875885,345.1614832878113,0.9954813718795776
12,Left Shoulder,799.9403595924377,376.2027955055237,0.9999024868011475
12,Right Shoulder,594.5710301399231,383.06965827941895,0.9998189806938171
12,Left Elbow,818.6336934566498,480.63774704933167,0.9608985781669617
12,Right Elbow,598.2352674007416,486.64539098739624,0.8869152069091797
12,Left Wrist,727.0697236061096,573.7837314605713,0.887822687625885
12,Right Wrist,668.9344525337219,576.6128611564636,0.787611722946167
12,Left Hip,762.1125042438507,588.5503220558167,0.9992476105690002
12,Right Hip,654.28346991539,579.8181867599487,0.9990576505661011
12,Left Knee,777.756929397583,546.9091558456421,0.9784064292907715
12,Right Knee,608.4259212017059,564.7706079483032,0.9612160325050354
12,Left Ankle,761.733341217041,743.1401896476746,0.945525586605072
12,Right Ankle,664.1696393489838,737.9591274261475,0.9414219856262207
13,Nose,678.0205309391022,366.06037616729736,0.9989492297172546
13,Left Eye,688.2036447525024,344.01812195777893,0.9967091083526611
13,Right Eye,696.5948641300201,341.2606394290924,0.997205913066864
13,Left Ear,704.2943060398102,337.8854978084564,0.9969425797462463
13,Right Ear,664.5558834075928,346.16209745407104,0.9957531690597534
13,Left Shoulder,799.6991455554962,375.81778049468994,0.9999058246612549
13,Right Shoulder,594.3941354751587,383.16415786743164,0.9998291730880737
13,Left Elbow,820.6717193126678,480.64608335494995,0.9607769250869751
13,Right Elbow,597.8285014629364,487.80256032943726,0.889903724193573
13,Left Wrist,729.3197214603424,573.7819933891296,0.8859818577766418
13,Right Wrist,669.3835735321045,576.6386103630066,0.7945356369018555
13,Left Hip,762.3512923717499,585.2179884910583,0.9992347359657288
13,Right Hip,654.757833480835,578.8688778877258,0.9990670680999756
13,Left Knee,781.8388819694519,547.3530077934265,0.9774044156074524
13,Right Knee,608.2212924957275,568.6219811439514,0.9603469371795654
13,Left Ankle,763.1797075271606,743.5248184204102,0.9434892535209656
13,Right Ankle,664.1680002212524,739.4969987869263,0.9404683709144592
14,Nose,682.7689528465271,367.7958083152771,0.9989990592002869
14,Left Eye,693.4003353118896,345.7246506214142,0.9968623518943787
14,Right Eye,701.6383290290833,342.7297604084015,0.997330904006958
14,Left Ear,709.0937376022339,339.20533776283264,0.9970800876617432
14,Right Ear,668.9970672130585,348.1770050525665,0.9959611892700195
14,Left Shoulder,799.6240735054016,375.8134353160858,0.999909520149231
14,Right Shoulder,594.4058060646057,383.4842526912689,0.9998359680175781
14,Left Elbow,823.2181370258331,481.0633170604706,0.9606840014457703
14,Right Elbow,597.4446177482605,488.261958360672,0.8922742605209351
14,Left Wrist,730.386072397232,573.9220690727234,0.8850382566452026
14,Right Wrist,669.9247479438782,576.550612449646,0.798216700553894
14,Left Hip,763.2831037044525,584.7456192970276,0.9992185831069946
14,Right Hip,655.6061804294586,578.7668466567993,0.9990555047988892
14,Left Knee,789.7623598575592,547.9854726791382,0.9766677618026733
14,Right Knee,610.2382063865662,570.2862167358398,0.9591575860977173
14,Left Ankle,763.7326836585999,743.7780618667603,0.9414095282554626
14,Right Ankle,665.6762599945068,739.3638753890991,0.9383507966995239
15,Nose,687.0628118515015,367.8444743156433,0.9990707635879517
15,Left Eye,697.6668536663055,345.6868636608124,0.997085690498352
15,Right Eye,705.3866863250732,342.6600444316864,0.997516393661499
15,Left Ear,712.4846339225769,339.1717994213104,0.9972848892211914
15,Right Ear,673.5030949115753,348.21144461631775,0.9962567090988159
15,Left Shoulder,799.1114854812622,375.6583607196808,0.9999149441719055
15,Right Shoulder,594.4030523300171,383.9904499053955,0.999844491481781
15,Left Elbow,826.2047588825226,480.81992268562317,0.9616116285324097
15,Right Elbow,597.0160186290741,488.49650144577026,0.8948110938072205
15,Left Wrist,732.0232331752777,573.7787103652954,0.8864583373069763
15,Right Wrist,669.9841499328613,576.3712048530579,0.8034025430679321
15,Left Hip,763.5085821151733,584.1302132606506,0.9992074966430664
15,Right Hip,655.7786822319031,578.3812522888184,0.9990502595901489
15,Left Knee,789.3924415111542,548.7212562561035,0.9760761260986328
15,Right Knee,612.0302319526672,570.4873824119568,0.9580507874488831
15,Left Ankle,763.9018416404724,743.9223217964172,0.9395920038223267
15,Right Ankle,666.2635266780853,739.2743968963623,0.937138020992279
16,Nose,687.8439545631409,368.46232652664185,0.9991384148597717
16,Left Eye,698.0722427368164,346.39432311058044,0.9972906112670898
16,Right Eye,705.6585848331451,343.3935749530792,0.9976876974105835
16,Left Ear,712.6415967941284,339.9893367290497,0.9974728226661682
16,Right Ear,674.4677543640137,349.0326189994812,0.996526837348938
16,Left Shoulder,798.7780869007111,375.64963817596436,0.9999203681945801
16,Right Shoulder,594.3481743335724,384.18875098228455,0.9998534917831421
16,Left Elbow,826.6596496105194,481.37845516204834,0.9628764986991882
16,Right Elbow,595.9505200386047,488.524374961853,0.8984106183052063
16,Left Wrist,732.33722448349,573.8777160644531,0.8892055749893188
16,Right Wrist,670.3017473220825,576.3044500350952,0.8093868494033813
16,Left Hip,763.8785004615784,583.9052939414978,0.9992071390151978
16,Right Hip,656.0148477554321,578.1806015968323,0.9990629553794861
16,Left Knee,789.2297089099884,552.1856832504272,0.9759427309036255
16,Right Knee,611.3667786121368,571.9779396057129,0.9581332802772522
16,Left Ankle,764.0638530254364,743.975944519043,0.9390941858291626
16,Right Ankle,665.9899234771729,739.6900534629822,0.9372398853302002
17,Nose,688.6184751987457,368.84273886680603,0.9991875290870667
17,Left Eye,698.7322211265564,346.64254546165466,0.9974368810653687
17,Right Eye,706.3549518585205,343.60793709754944,0.9978125095367432
17,Left Ear,713.3934319019318,340.19137144088745,0.9976108074188232
17,Right Ear,675.5739033222198,349.4876718521118,0.9967226386070251
17,Left Shoulder,799.2269456386566,375.8247971534729,0.9999244213104248
17,Right Shoulder,594.3475842475891,384.6913754940033,0.9998589754104614
17,Left Elbow,826.8704414367676,482.6543605327606,0.9634709358215332
17,Right Elbow,594.2238628864288,488.23756098747253,0.9009954333305359
17,Left Wrist,732.7428102493286,573.903079032898,0.8901793360710144
17,Right Wrist,670.2811598777771,575.9324383735657,0.8119264841079712
17,Left Hip,765.128630399704,584.8058724403381,0.9991958737373352
17,Right Hip,656.5767407417297,579.4501662254333,0.9990564584732056
17,Left Knee,789.0897274017334,555.5475640296936,0.9759508967399597
17,Right Knee,611.2187325954437,571.9724035263062,0.9587295055389404
17,Left Ankle,764.2016053199768,744.0558314323425,0.9388686418533325
17,Right Ankle,665.7942116260529,739.6544551849365,0.9375786185264587
18,Nose,688.7847483158112,369.095596075058,0.9992401003837585
18,Left Eye,698.6935377120972,346.91136717796326,0.9975959658622742
18,Right Eye,706.3710808753967,343.80131363868713,0.9979487657546997
18,Left Ear,713.4580790996552,340.3287434577942,0.997759997844696
18,Right Ear,675.6356000900269,350.018105506897,0.9969300627708435
18,Left Shoulder,799.4464576244354,375.8452355861664,0.999928891658783
18,Right Shoulder,594.3913161754608,384.84445452690125,0.9998648762702942
18,Left Elbow,826.9295811653137,483.53453278541565,0.964009165763855
18,Right Elbow,593.6683297157288,488.0571234226227,0.9022172093391418
18,Left Wrist,733.1120073795319,574.0099382400513,0.8905466198921204
18,Right Wrist,670.2647030353546,575.7125401496887,0.8128230571746826
18,Left Hip,766.4619624614716,584.9694442749023,0.9991984963417053
18,Right Hip,657.5916230678558,579.6156048774719,0.9990637302398682
18,Left Knee,789.1467034816742,557.3845767974854,0.9761028289794922
18,Right Knee,609.9312961101532,572.0849919319153,0.959358811378479
18,Left Ankle,764.3512904644012,744.0498447418213,0.9391441345214844
18,Right Ankle,665.6659662723541,739.6124196052551,0.9380968809127808
19,Nose,688.7385904788971,369.97827887535095,0.9992913007736206
19,Left Eye,698.8416492938995,347.98675060272217,0.9977514147758484
19,Right Eye,706.4565122127533,344.94444966316223,0.9980817437171936
19,Left Ear,713.5038435459137,341.48932456970215,0.9979050159454346
19,Right Ear,675.9534597396851,350.8246350288391,0.9971287250518799
19,Left Shoulder,799.4355082511902,375.84484934806824,0.9999333620071411
19,Right Shoulder,594.0782427787781,385.06306529045105,0.999870240688324
19,Left Elbow,827.53546833992,483.49899888038635,0.9647117257118225
19,Right Elbow,593.5619175434113,488.06381821632385,0.9036499261856079
19,Left Wrist,733.6217761039734,574.0667796134949,0.8922877311706543
19,Right Wrist,670.4435646533966,575.7109308242798,0.8155518770217896
19,Left Hip,766.6876375675201,585.4385948181152,0.9992078542709351
19,Right Hip,657.617062330246,580.6180214881897,0.9990728497505188
19,Left Knee,789.6464407444,557.8666663169861,0.9763234257698059
19,Right Knee,608.6922466754913,572.1211695671082,0.9598673582077026
19,Left Ankle,764.3271625041962,743.7291383743286,0.9394479990005493
19,Right Ankle,665.5630946159363,739.5979356765747,0.9385976791381836
20,Nose,688.4598076343536,371.36303901672363,0.9993388056755066
20,Left Eye,698.3905613422394,349.3815207481384,0.9978935122489929
20,Right Eye,706.0333549976349,346.3167214393616,0.998202383518219
20,Left Ear,713.124418258667,342.781902551651,0.998036801815033
20,Right Ear,675.5973100662231,352.1417713165283,0.997310996055603
20,Left Shoulder,799.3378162384033,375.88897705078125,0.9999375939369202
20,Right Shoulder,592.8749918937683,385.7510840892792,0.9998763799667358
20,Left Elbow,827.5712668895721,483.81783843040466,0.9656219482421875
20,Right Elbow,593.2379603385925,488.39025378227234,0.9057461023330688
20,Left Wrist,734.2472016811371,574.2733526229858,0.8942843675613403
20,Right Wrist,670.5390930175781,575.654604434967,0.8195019960403442
20,Left Hip,766.8323397636414,585.4458045959473,0.9992222785949707
20,Right Hip,657.5878858566284,580.6189870834351,0.9990926384925842
20,Left Knee,789.4185364246368,559.0676736831665,0.9762229323387146
20,Right Knee,608.0683290958405,572.5394654273987,0.9598966836929321
20,Left Ankle,764.2483532428741,743.7241172790527,0.9387696385383606
20,Right Ankle,665.1569187641144,739.4364237785339,0.9385594129562378
21,Nose,688.3855223655701,373.12360882759094,0.9993747472763062
21,Left Eye,698.2505142688751,351.1699318885803,0.9979966878890991
21,Right Eye,705.7808637619019,348.2081937789917,0.9982885122299194
21,Left Ear,712.8080010414124,344.7021818161011,0.9981322288513184
21,Right Ear,675.4194974899292,353.53081226348877,0.9974448084831238
21,Left Shoulder,798.7037360668182,375.9787130355835,0.9999406933784485
21,Right Shoulder,591.7415678501129,386.1776840686798,0.9998813271522522
21,Left Elbow,827.7815997600555,484.39706683158875,0.9662799835205078
21,Right Elbow,592.9936647415161,490.1743519306183,0.9074649810791016
21,Left Wrist,734.5881402492523,574.8229050636292,0.8951513767242432
21,Right Wrist,670.7814872264862,575.6517720222473,0.8223029971122742
21,Left Hip,766.8152928352356,585.5602598190308,0.9992341995239258
21,Right Hip,657.3303461074829,580.9096312522888,0.9991136193275452
21,Left Knee,789.3147468566895,564.357590675354,0.9757000207901001
21,Right Knee,606.6279292106628,573.908679485321,0.9596924781799316
21,Left Ankle,764.1484975814819,743.8173937797546,0.9373341202735901
21,Right Ankle,664.7762477397919,739.4077134132385,0.9382449984550476
22,Nose,686.6060197353363,375.55105090141296,0.9994023442268372
22,Left Eye,694.757729768753,353.74568939208984,0.9980795979499817
22,Right Eye,702.3902297019958,350.83892583847046,0.9983587861061096
22,Left Ear,709.6465170383453,347.2963500022888,0.9982107877731323
22,Right Ear,673.2120513916016,355.78534841537476,0.9975471496582031
22,Left Shoulder,798.5259234905243,376.06175422668457,0.9999433159828186
22,Right Shoulder,590.2319312095642,386.80174827575684,0.999885082244873
22,Left Elbow,827.7419328689575,485.35999059677124,0.9668369889259338
22,Right Elbow,592.9141998291016,492.1303904056549,0.908740222454071
22,Left Wrist,735.0138545036316,575.4423022270203,0.8954064846038818
22,Right Wrist,671.3033854961395,575.8749532699585,0.8233372569084167
22,Left Hip,766.8661057949066,585.5412697792053,0.999250054359436
22,Right Hip,657.2955310344696,580.7597708702087,0.9991389513015747
22,Left Knee,789.2015159130096,565.4278564453125,0.9751449823379517
22,Right Knee,605.5507600307465,575.1600909233093,0.9594343304634094
22,Left Ankle,764.1088306903839,743.8961219787598,0.935845136642456
22,Right Ankle,664.6648526191711,739.381513595581,0.9377525448799133
23,Nose,679.3566823005676,375.9473955631256,0.9993947148323059
23,Left Eye,684.9615156650543,353.79812121391296,0.9980406165122986
23,Right Eye,693.032842874527,350.8577227592468,0.9983256459236145
23,Left Ear,701.1273801326752,347.28785276412964,0.9981735944747925
23,Right Ear,664.6580338478088,356.10042214393616,0.9974944591522217
23,Left Shoulder,797.9391157627106,376.33331179618835,0.9999435544013977
23,Right Shoulder,587.7583563327789,387.7035176753998,0.999886691570282
23,Left Elbow,827.0799875259399,486.40041947364807,0.9670329093933105
23,Right Elbow,592.5735890865326,493.93598914146423,0.9106941223144531
23,Left Wrist,735.5994820594788,576.2710404396057,0.8952376842498779
23,Right Wrist,671.8376755714417,576.3473868370056,0.8252032399177551
23,Left Hip,766.8507635593414,585.4938268661499,0.9992567300796509
23,Right Hip,656.8793892860413,580.9913849830627,0.9991579055786133
23,Left Knee,786.926931142807,568.7926340103149,0.9746098518371582
23,Right Knee,606.1449110507965,576.6468501091003,0.9590258598327637
23,Left Ankle,764.0932261943817,743.8893628120422,0.9343534111976624
23,Right Ankle,664.5752251148224,739.7426462173462,0.9376118183135986
24,Nose,677.0753443241119,376.64732336997986,0.9994107484817505
24,Left Eye,682.3953628540039,353.86619567871094,0.9980803728103638
24,Right Eye,690.5375003814697,350.96081614494324,0.998351514339447
24,Left Ear,698.4499633312225,347.4698030948639,0.9982026815414429
24,Right Ear,660.6767892837524,356.3179063796997,0.9975631833076477
24,Left Shoulder,794.5160269737244,376.68150544166565,0.9999430775642395
24,Right Shoulder,583.2196116447449,389.7239935398102,0.9998905658721924
24,Left Elbow,826.4154851436615,486.35915637016296,0.9668157696723938
24,Right Elbow,592.1483993530273,497.76586174964905,0.9144407510757446
24,Left Wrist,736.3016843795776,576.6661620140076,0.8932037949562073
24,Right Wrist,672.7294921875,577.442307472229,0.8310533761978149
24,Left Hip,765.8372581005096,583.2183694839478,0.9992433190345764
24,Right Hip,654.6213269233704,578.8672041893005,0.9991706013679504
24,Left Knee,776.4409720897675,569.916844367981,0.972841203212738
24,Right Knee,605.9545755386353,578.5740494728088,0.9573294520378113
24,Left Ankle,763.942688703537,743.8916158676147,0.9297694563865662
24,Right Ankle,664.5236909389496,740.2774572372437,0.9352466464042664
25,Nose,673.4844744205475,376.55951857566833,0.9994246959686279
25,Left Eye,678.7326991558075,353.8115429878235,0.998104989528656
25,Right Eye,686.5303575992584,350.87993144989014,0.9983617067337036
25,Left Ear,694.0473318099976,347.372567653656,0.9982135891914368
25,Right Ear,657.0334672927856,356.25327587127686,0.9976154565811157
25,Left Shoulder,787.0395720005035,377.16954946517944,0.9999431371688843
25,Right Shoulder,579.0057420730591,390.3100776672363,0.999894380569458
25,Left Elbow,826.3986349105835,486.0444366931915,0.9668228626251221
25,Right Elbow,589.0174031257629,499.2461836338043,0.9182291030883789
25,Left Wrist,737.2140228748322,576.7074251174927,0.892355740070343
25,Right Wrist,673.3170211315155,578.2462620735168,0.8374043107032776
25,Left Hip,763.0075991153717,583.2399344444275,0.9992336630821228
25,Right Hip,650.8421540260315,579.1146540641785,0.9991833567619324
25,Left Knee,771.6178715229034,570.169186592102,0.9718320369720459
25,Right Knee,604.1844487190247,580.3430199623108,0.9567109942436218
25,Left Ankle,762.9422962665558,744.4474124908447,0.9269834756851196
25,Right Ankle,664.594042301178,741.9320368766785,0.9340447783470154
26,Nose,669.8329567909241,376.4806616306305,0.9994388818740845
26,Left Eye,675.3075122833252,353.67568373680115,0.9981411695480347
26,Right Eye,683.2043707370758,350.7992398738861,0.9983865022659302
26,Left Ear,690.6787276268005,347.3296630382538,0.9982434511184692
26,Right Ear,652.4005055427551,356.23451113700867,0.9976726770401001
26,Left Shoulder,783.1377923488617,377.51639127731323,0.9999434947967529
26,Right Shoulder,573.7897753715515,392.1546220779419,0.9998956322669983
26,Left Elbow,826.3773918151855,485.49964785575867,0.9673556685447693
26,Right Elbow,588.8049721717834,501.9122564792633,0.9213600158691406
26,Left Wrist,737.4250113964081,576.9844222068787,0.893438458442688
26,Right Wrist,673.797744512558,579.2544722557068,0.842674732208252
26,Left Hip,762.075525522232,583.1989932060242,0.9992214441299438
26,Right Hip,649.6857166290283,579.8443222045898,0.999187707901001
26,Left Knee,772.9378938674927,569.7002935409546,0.971998393535614
26,Right Knee,602.374392747879,580.894181728363,0.957120418548584
26,Left Ankle,762.3053312301636,744.4769597053528,0.9265790581703186
26,Right Ankle,664.6770477294922,741.9610691070557,0.9343116879463196
27,Nose,664.9004936218262,376.41570925712585,0.999467670917511
27,Left Eye,671.554696559906,353.40023159980774,0.9982283711433411
27,Right Eye,679.600715637207,350.59282779693604,0.9984588623046875
27,Left Ear,687.0710730552673,347.239830493927,0.9983245730400085
27,Right Ear,647.5137412548065,356.07338547706604,0.9977892637252808
27,Left Shoulder,779.0638387203217,377.7614915370941,0.9999447464942932
27,Right Shoulder,569.5252895355225,392.5295948982239,0.999897837638855
27,Left Elbow,826.2762904167175,485.4803681373596,0.9687705636024475
27,Right Elbow,588.3097589015961,503.77344131469727,0.9249709248542786
27,Left Wrist,737.4007523059845,577.4869179725647,0.8967719674110413
27,Right Wrist,674.3158400058746,580.0151681900024,0.8480578064918518
27,Left Hip,761.4289224147797,579.7293519973755,0.9992212057113647
27,Right Hip,648.6840128898621,578.685028553009,0.9992045164108276
27,Left Knee,773.7954199314117,569.4352054595947,0.9724875092506409
27,Right Knee,602.0398139953613,581.5629529953003,0.9577971696853638
27,Left Ankle,761.5862786769867,744.4758009910583,0.9268250465393066
27,Right Ankle,665.9408152103424,741.9301700592041,0.9351174235343933
28,Nose,658.8511943817139,376.4489257335663,0.9994794130325317
28,Left Eye,664.7716581821442,353.3458364009857,0.9982680678367615
28,Right Eye,672.8718340396881,350.5287444591522,0.998490035533905
28,Left Ear,680.1788687705994,347.2006595134735,0.9983643293380737
28,Right Ear,641.0541355609894,356.26811385154724,0.9978331923484802
28,Left Shoulder,770.5199837684631,377.7388322353363,0.9999465346336365
28,Right Shoulder,564.6993041038513,393.4105396270752,0.9998952150344849
28,Left Elbow,825.1290321350098,484.38557624816895,0.9698761701583862
28,Right Elbow,586.1016571521759,506.20336174964905,0.9272332787513733
28,Left Wrist,736.6731762886047,578.6077809333801,0.9008975028991699
28,Right Wrist,674.3311822414398,580.8188652992249,0.851667582988739
28,Left Hip,761.0096991062164,580.3737258911133,0.9992188215255737
28,Right Hip,648.5431790351868,580.9210896492004,0.9991994500160217
28,Left Knee,774.1867780685425,568.3698964118958,0.9723782539367676
28,Right Knee,599.1964519023895,582.8522157669067,0.9573389291763306
28,Left Ankle,760.9872102737427,744.3579983711243,0.9246250987052917
28,Right Ankle,671.7298209667206,740.3323674201965,0.931850016117096
29,Nose,651.7128586769104,383.82562279701233,0.9994495511054993
29,Left Eye,656.319135427475,359.1765832901001,0.9982354044914246
29,Right Eye,664.8435175418854,355.5468463897705,0.9984508156776428
29,Left Ear,672.4892616271973,351.71658754348755,0.998343825340271
29,Right Ear,632.7905714511871,363.136328458786,0.9977816343307495
29,Left Shoulder,768.3050632476807,378.11206698417664,0.9999459981918335
29,Right Shoulder,559.7317636013031,394.25527453422546,0.9998865723609924
29,Left Elbow,820.8877563476562,485.0620400905609,0.9703935980796814
29,Right Elbow,584.3091726303101,507.5526201725006,0.9270336627960205
29,Left Wrist,734.4686806201935,579.8841047286987,0.9035177826881409
29,Right Wrist,674.1492390632629,582.0643544197083,0.8464078307151794
29,Left Hip,760.8274281024933,582.1613001823425,0.999201774597168
29,Right Hip,648.4365701675415,583.1109952926636,0.9991612434387207
29,Left Knee,779.2925298213959,572.1226501464844,0.9702441692352295
29,Right Knee,598.8511860370636,584.9211645126343,0.9537524580955505
29,Left Ankle,759.8820447921753,744.4239807128906,0.9155858159065247
29,Right Ankle,683.0839931964874,736.1091756820679,0.9223345518112183
30,Nose,642.9957151412964,391.6856646537781,0.9994217157363892
30,Left Eye,645.957487821579,366.70703530311584,0.9982455968856812
30,Right Eye,654.7946810722351,362.6051867008209,0.9984619617462158
30,Left Ear,662.8942012786865,358.2022976875305,0.9983694553375244
30,Right Ear,622.5395977497101,370.4513883590698,0.997717559337616
30,Left Shoulder,769.3283379077911,379.7348463535309,0.9999480843544006
30,Right Shoulder,553.4197449684143,396.7277133464813,0.9998795390129089
30,Left Elbow,816.2574172019958,491.6955828666687,0.9719500541687012
30,Right Elbow,583.7638020515442,509.07475233078003,0.9231809377670288
30,Left Wrist,732.4484884738922,582.9254722595215,0.9087159633636475
30,Right Wrist,673.4948992729187,583.7571716308594,0.8356591463088989
30,Left Hip,760.0970983505249,591.7555832862854,0.9992360472679138
30,Right Hip,647.5985169410706,591.3385105133057,0.9991740584373474
30,Left Knee,785.4871869087219,572.0493936538696,0.970397412776947
30,Right Knee,598.7799823284149,592.0206713676453,0.9531328082084656
30,Left Ankle,757.6583385467529,742.9847288131714,0.9108226299285889
30,Right Ankle,691.1267995834351,731.406147480011,0.9132134914398193
31,Nose,629.1724920272827,395.29473781585693,0.9993008375167847
31,Left Eye,633.0316543579102,372.62755036354065,0.9980894327163696
31,Right Eye,642.1793639659882,369.0227258205414,0.9983344674110413
31,Left Ear,650.892835855484,364.7813808917999,0.9982782006263733
31,Right Ear,609.8899245262146,374.98550176620483,0.9973003268241882
31,Left Shoulder,761.4716053009033,379.77511167526245,0.999950647354126
31,Right Shoulder,545.3866094350815,398.7973380088806,0.9998630881309509
31,Left Elbow,815.1573657989502,491.4191007614136,0.9740183353424072
31,Right Elbow,581.6432297229767,509.2876982688904,0.9202204942703247
31,Left Wrist,729.9665868282318,585.4262351989746,0.9154524207115173
31,Right Wrist,672.5341081619263,585.7864665985107,0.8265370726585388
31,Left Hip,759.422105550766,591.176290512085,0.9992762804031372
31,Right Hip,645.414674282074,591.7830061912537,0.9991922974586487
31,Left Knee,789.1363441944122,577.3393106460571,0.9688354134559631
31,Right Knee,597.2906708717346,609.2033743858337,0.9491083025932312
31,Left Ankle,757.8157603740692,742.1948075294495,0.9016464948654175
31,Right Ankle,692.8130686283112,721.8967723846436,0.8919559717178345
32,Nose,614.7079110145569,401.4916706085205,0.9991635084152222
32,Left Eye,619.3192362785339,380.8327603340149,0.9979159832000732
32,Right Eye,627.9128551483154,377.9021465778351,0.9982037544250488
32,Left Ear,636.3811790943146,374.21894788742065,0.9981814026832581
32,Right Ear,596.7605113983154,382.04657793045044,0.9968221187591553
32,Left Shoulder,755.7337403297424,380.27506470680237,0.9999514818191528
32,Right Shoulder,536.3531470298767,402.19465613365173,0.9998354911804199
32,Left Elbow,814.7485017776489,488.9276397228241,0.9756242632865906
32,Right Elbow,577.8007864952087,508.8237941265106,0.9149048924446106
32,Left Wrist,727.6348948478699,588.9771795272827,0.9204395413398743
32,Right Wrist,670.4311072826385,586.5340948104858,0.814996063709259
32,Left Hip,756.7242980003357,586.2247180938721,0.9993127584457397
32,Right Hip,639.4563794136047,587.8611445426941,0.9992030262947083
32,Left Knee,791.7948782444,576.7161798477173,0.960972785949707
32,Right Knee,596.7333674430847,625.0654006004333,0.9421532154083252
32,Left Ankle,760.8794212341309,741.2452411651611,0.8872560858726501
32,Right Ankle,696.7829704284668,723.1976866722107,0.8644459843635559
33,Nose,610.8261287212372,405.1309669017792,0.9991676807403564
33,Left Eye,613.6217594146729,385.44663190841675,0.9979766607284546
33,Right Eye,621.3081538677216,382.27336406707764,0.9982607364654541
33,Left Ear,628.6302030086517,378.53084564208984,0.9982523322105408
33,Right Ear,592.8110003471375,387.1092903614044,0.996835470199585
33,Left Shoulder,745.1725780963898,377.95831203460693,0.9999549388885498
33,Right Shoulder,528.0750602483749,402.07884907722473,0.9998379349708557
33,Left Elbow,813.0135834217072,484.3954575061798,0.9773826599121094
33,Right Elbow,576.4508008956909,509.18328523635864,0.9128454923629761
33,Left Wrist,722.1603393554688,592.8178024291992,0.9259212613105774
33,Right Wrist,670.3579366207123,590.1334476470947,0.8106480836868286
33,Left Hip,749.7097492218018,572.1628189086914,0.9993671178817749
33,Right Hip,634.1370820999146,574.7897529602051,0.9992570281028748
33,Left Knee,791.0442888736725,578.5312414169312,0.9563384056091309
33,Right Knee,591.1022424697876,628.7188911437988,0.9402897953987122
33,Left Ankle,762.722784280777,741.2568283081055,0.8780048489570618
33,Right Ankle,701.5603721141815,724.6817421913147,0.8461189866065979
34,Nose,605.7670593261719,410.15544176101685,0.9992024302482605
34,Left Eye,608.3865165710449,390.48179268836975,0.9981017708778381
34,Right Eye,616.3077652454376,386.6847825050354,0.9983664751052856
34,Left Ear,623.6641049385071,382.54485726356506,0.9983671307563782
34,Right Ear,586.6904973983765,393.88564467430115,0.9969803094863892
34,Left Shoulder,737.4958217144012,377.21625208854675,0.9999580979347229
34,Right Shoulder,521.5234994888306,404.6100926399231,0.9998410940170288
34,Left Elbow,804.4714331626892,484.40479159355164,0.9789251089096069
34,Right Elbow,572.6380586624146,510.21737337112427,0.9124581217765808
34,Left Wrist,718.3207809925079,596.1686110496521,0.9309862852096558
34,Right Wrist,667.3894107341766,593.6065649986267,0.8061940670013428
34,Left Hip,746.4307069778442,562.9783987998962,0.9994184970855713
34,Right Hip,630.2956879138947,565.0875806808472,0.9993045926094055
34,Left Knee,785.3453040122986,586.6145610809326,0.9450085163116455
34,Right Knee,585.6777787208557,633.5018706321716,0.932869553565979
34,Left Ankle,762.5885725021362,742.1173667907715,0.8622401356697083
34,Right Ankle,698.9772379398346,725.4555058479309,0.8209503889083862
35,Nose,597.6997971534729,412.6714289188385,0.9992613196372986
35,Left Eye,601.2966334819794,392.2754502296448,0.9982458353042603
35,Right Eye,609.2410266399384,388.5575544834137,0.9984878897666931
35,Left Ear,617.0184254646301,384.4427990913391,0.9984920024871826
35,Right Ear,579.5214116573334,395.76491832733154,0.9971949458122253
35,Left Shoulder,731.6131234169006,379.48105573654175,0.9999604821205139
35,Right Shoulder,513.4720385074615,408.1484520435333,0.9998509883880615
35,Left Elbow,793.3358550071716,488.58977794647217,0.9796817898750305
35,Right Elbow,570.2501118183136,513.0966818332672,0.9133155941963196
35,Left Wrist,716.448175907135,600.3487372398376,0.9336979389190674
35,Right Wrist,663.1584286689758,598.8053297996521,0.8075706362724304
35,Left Hip,731.5069735050201,555.0646376609802,0.999462902545929
35,Right Hip,625.0928342342377,559.4577097892761,0.9993496537208557
35,Left Knee,781.8629443645477,598.24303150177,0.9273948669433594
35,Right Knee,582.7049255371094,632.2064924240112,0.9242862462997437
35,Left Ankle,765.1443004608154,752.8083086013794,0.8410550951957703
35,Right Ankle,703.1457364559174,733.4716200828552,0.802497148513794
36,Nose,579.2824923992157,415.99703550338745,0.999295711517334
36,Left Eye,583.2761943340302,396.0178077220917,0.9983512759208679
36,Right Eye,591.5648698806763,391.68296098709106,0.9985803365707397
36,Left Ear,599.821811914444,387.1931040287018,0.998590886592865
36,Right Ear,564.4927084445953,401.15100860595703,0.9973049759864807
36,Left Shoulder,719.149261713028,379.49814677238464,0.9999629855155945
36,Right Shoulder,509.35949981212616,412.03033804893494,0.9998517632484436
36,Left Elbow,785.4357838630676,487.80198097229004,0.9810740947723389
36,Right Elbow,565.4112100601196,515.0219178199768,0.912395715713501
36,Left Wrist,712.2685968875885,606.1185550689697,0.9387298226356506
36,Right Wrist,652.5950372219086,607.2717332839966,0.8106088638305664
36,Left Hip,723.2959270477295,555.631377696991,0.9995009303092957
36,Right Hip,618.2424604892731,566.6138005256653,0.9993793368339539
36,Left Knee,777.0564317703247,592.8126525878906,0.9200679659843445
36,Right Knee,573.6094057559967,631.014883518219,0.9217097759246826
36,Left Ankle,765.022611618042,754.4175696372986,0.8325395584106445
36,Right Ankle,701.6119062900543,736.1889982223511,0.7926498651504517
37,Nose,563.8260424137115,422.58834958076477,0.999298095703125
37,Left Eye,565.6952381134033,402.0010221004486,0.9984198212623596
37,Right Eye,572.9939460754395,397.1621024608612,0.9986454248428345
37,Left Ear,580.4077863693237,392.2627365589142,0.9986621141433716
37,Right Ear,550.821989774704,408.6776626110077,0.9973005652427673
37,Left Shoulder,712.7864301204681,382.51749873161316,0.999965250492096
37,Right Shoulder,512.9927903413773,421.4349138736725,0.9998348355293274
37,Left Elbow,768.3821022510529,490.0900876522064,0.982026994228363
37,Right Elbow,560.3918731212616,520.2144062519073,0.9025644063949585
37,Left Wrist,707.8858315944672,611.7938733100891,0.9432098269462585
37,Right Wrist,639.3657028675079,617.5166344642639,0.8051590919494629
37,Left Hip,724.5137989521027,563.0717396736145,0.9995318651199341
37,Right Hip,621.83398604393,590.1216673851013,0.9993831515312195
37,Left Knee,771.5449631214142,580.4288291931152,0.9194360375404358
37,Right Knee,573.5404312610626,627.5679659843445,0.9188523292541504
37,Left Ankle,767.0939445495605,759.7975444793701,0.8366619348526001
37,Right Ankle,700.1921594142914,736.1591291427612,0.7895705699920654
38,Nose,559.4484567642212,430.09601354599,0.9993116855621338
38,Left Eye,559.2307150363922,409.1368353366852,0.9985048770904541
38,Right Eye,566.146194934845,403.97125482559204,0.9987179040908813
38,Left Ear,573.5336124897003,398.6333477497101,0.9987401366233826
38,Right Ear,544.7650194168091,416.6661286354065,0.9973777532577515
38,Left Shoulder,708.3581626415253,386.3625955581665,0.9999657869338989
38,Right Shoulder,512.8098636865616,428.794584274292,0.9998184442520142
38,Left Elbow,755.3790986537933,496.8315839767456,0.9815521836280823
38,Right Elbow,558.7510406970978,524.6783530712128,0.8926270604133606
38,Left Wrist,702.6304602622986,617.6307678222656,0.9454084634780884
38,Right Wrist,631.5540134906769,627.3622941970825,0.8007251024246216
38,Left Hip,727.8094291687012,565.727641582489,0.9995578527450562
38,Right Hip,623.1732845306396,595.6949543952942,0.9993900656700134
38,Left Knee,772.7177917957306,580.2587556838989,0.9186981320381165
38,Right Knee,575.5550503730774,627.9946947097778,0.9141754508018494
38,Left Ankle,769.100433588028,758.6779689788818,0.840722918510437
38,Right Ankle,702.5877773761749,728.9661526679993,0.7804469466209412
39,Nose,554.486882686615,437.26629853248596,0.9993006587028503
39,Left Eye,552.1867275238037,416.7950677871704,0.9985568523406982
39,Right Eye,557.9431474208832,411.8445897102356,0.9987624883651733
39,Left Ear,563.376659154892,406.8121004104614,0.9987910389900208
39,Right Ear,539.1970336437225,424.03255820274353,0.9973797798156738
39,Left Shoulder,702.6180028915405,393.296502828598,0.9999665021896362
39,Right Shoulder,507.21080005168915,433.8223421573639,0.9998073577880859
39,Left Elbow,741.6232109069824,505.52725195884705,0.9814605116844177
39,Right Elbow,554.7719597816467,530.0506031513214,0.8910834789276123
39,Left Wrist,698.3136534690857,622.577383518219,0.9486103057861328
39,Right Wrist,627.220356464386,637.4717545509338,0.8083896040916443
39,Left Hip,723.7666845321655,568.6512064933777,0.999578595161438
39,Right Hip,624.0328431129456,596.9130206108093,0.9993768930435181
39,Left Knee,771.3421046733856,591.4145994186401,0.9132599234580994
39,Right Knee,565.4495000839233,632.6955986022949,0.9014720320701599
39,Left Ankle,773.0306029319763,759.3913507461548,0.8435522317886353
39,Right Ankle,701.6696035861969,722.8870868682861,0.7651121616363525
40,Nose,552.5523841381073,443.62586975097656,0.9989762902259827
40,Left Eye,545.4243093729019,423.7151026725769,0.9982519745826721
40,Right Eye,548.8294005393982,418.6259651184082,0.9984748363494873
40,Left Ear,552.4999976158142,413.4992980957031,0.9985159635543823
40,Right Ear,535.936775803566,430.67166924476624,0.996767520904541
40,Left Shoulder,694.3799436092377,400.15084505081177,0.9999610185623169
40,Right Shoulder,505.39064705371857,442.07399725914,0.9997997879981995
40,Left Elbow,735.622626543045,512.9358458518982,0.9785186052322388
40,Right Elbow,551.314777135849,537.3936009407043,0.8854549527168274
40,Left Wrist,688.3865058422089,628.8130688667297,0.9470371007919312
40,Right Wrist,624.9528527259827,646.8765234947205,0.8100494742393494
40,Left Hip,720.4500734806061,577.9043126106262,0.9995895028114319
40,Right Hip,624.8594880104065,598.9455342292786,0.9993480443954468
40,Left Knee,772.0686972141266,651.6221022605896,0.8756470680236816
40,Right Knee,592.5281524658203,643.4629511833191,0.8381304144859314
40,Left Ankle,810.407829284668,783.1919860839844,0.8235704302787781
40,Right Ankle,662.9291474819183,713.9752864837646,0.7087514996528625
41,Nose,548.7010568380356,452.1629226207733,0.9989744424819946
41,Left Eye,541.5050566196442,432.6518476009369,0.9983232021331787
41,Right Eye,544.8110461235046,427.7570843696594,0.9985215663909912
41,Left Ear,548.4878063201904,422.4120318889618,0.998567521572113
41,Right Ear,531.7242503166199,439.50950503349304,0.9968957304954529
41,Left Shoulder,685.8139276504517,408.18865299224854,0.9999623894691467
41,Right Shoulder,500.21080672740936,447.6391088962555,0.9998071193695068
41,Left Elbow,725.1423060894012,520.6020605564117,0.9768733978271484
41,Right Elbow,545.8026856184006,540.6116080284119,0.8802329897880554
41,Left Wrist,675.5542993545532,635.7863402366638,0.9470522403717041
41,Right Wrist,624.9566555023193,653.9706230163574,0.8148855566978455
41,Left Hip,717.4247682094574,576.8138980865479,0.9996261596679688
41,Right Hip,624.6445655822754,595.7744550704956,0.9993839859962463
41,Left Knee,785.3459596633911,681.9434666633606,0.8692131638526917
41,Right Knee,591.9469833374023,652.5551247596741,0.781200647354126
41,Left Ankle,850.5690157413483,798.4025573730469,0.8272718191146851
41,Right Ankle,586.2374424934387,696.5592312812805,0.6564529538154602
42,Nose,547.5881218910217,464.9401295185089,0.998970091342926
42,Left Eye,542.6288425922394,446.48245453834534,0.998309314250946
42,Right Eye,545.9353566169739,441.4864647388458,0.9985262155532837
42,Left Ear,548.7520009279251,436.4261019229889,0.9985737800598145
42,Right Ear,530.2082538604736,453.8783669471741,0.9968847036361694
42,Left Shoulder,682.3420584201813,413.1148946285248,0.9999616742134094
42,Right Shoulder,504.71637547016144,446.11836075782776,0.9998098611831665
42,Left Elbow,708.3108246326447,543.441960811615,0.9752143621444702
42,Right Elbow,541.808295249939,546.0210657119751,0.8690676093101501
42,Left Wrist,657.6694488525391,650.9369158744812,0.9472445845603943
42,Right Wrist,621.5870678424835,661.4344167709351,0.8022053241729736
42,Left Hip,720.9306001663208,569.5779204368591,0.9996581077575684
42,Right Hip,626.8502414226532,583.6393046379089,0.9994267225265503
42,Left Knee,806.7194640636444,728.6279368400574,0.8768442273139954
42,Right Knee,594.9256718158722,663.5489416122437,0.7768483757972717
42,Left Ankle,901.862108707428,867.7667355537415,0.8406375050544739
42,Right Ankle,615.912538766861,703.9563989639282,0.6218107342720032
43,Nose,531.3593804836273,477.80919671058655,0.998903751373291
43,Left Eye,531.9651037454605,463.07408452033997,0.9982308149337769
43,Right Eye,534.2904031276703,459.74947571754456,0.9984670877456665
43,Left Ear,539.4134968519211,455.1484787464142,0.998492419719696
43,Right Ear,520.7916289567947,465.86153268814087,0.9967439770698547
43,Left Shoulder,674.2891550064087,408.49085211753845,0.9999617338180542
43,Right Shoulder,510.3258639574051,442.90988087654114,0.999817967414856
43,Left Elbow,695.645809173584,546.8792223930359,0.9720436334609985
43,Right Elbow,545.2641665935516,560.9853458404541,0.8446905016899109
43,Left Wrist,649.1448044776917,656.1591124534607,0.9420679807662964
43,Right Wrist,611.4621758460999,666.0300707817078,0.7861047983169556
43,Left Hip,738.2978796958923,575.5669283866882,0.999686062335968
43,Right Hip,648.7991452217102,585.3030896186829,0.9994598627090454
43,Left Knee,812.9910945892334,740.8191561698914,0.8830858469009399
43,Right Knee,635.4923784732819,666.2898802757263,0.7424285411834717
43,Left Ankle,905.8198809623718,866.6069269180298,0.8523683547973633
43,Right Ankle,650.6815850734711,725.536937713623,0.6001779437065125
44,Nose,521.7683851718903,485.1900780200958,0.9989001750946045
44,Left Eye,519.6713835000992,470.3622364997864,0.9982824921607971
44,Right Eye,527.5710940361023,467.2671175003052,0.9985107779502869
44,Left Ear,529.8292875289917,463.9148283004761,0.9985321164131165
44,Right Ear,510.4573220014572,469.8968839645386,0.9968006014823914
44,Left Shoulder,656.8603098392487,410.1573407649994,0.9999626874923706
44,Right Shoulder,508.7571859359741,431.27642154693604,0.9998297691345215
44,Left Elbow,686.5306854248047,559.0741753578186,0.9717150330543518
44,Right Elbow,532.8585922718048,554.3421149253845,0.819108247756958
44,Left Wrist,635.7364773750305,669.7623538970947,0.9431967735290527
44,Right Wrist,572.8537023067474,657.8066110610962,0.7820498943328857
44,Left Hip,735.35977602005,568.4186267852783,0.9997100830078125
44,Right Hip,646.6518223285675,572.6821804046631,0.9994949698448181
44,Left Knee,810.9920799732208,702.0004892349243,0.8803630471229553
44,Right Knee,640.6299293041229,663.7347865104675,0.7070027589797974
44,Left Ankle,875.1992702484131,835.2851414680481,0.8524595499038696
44,Right Ankle,692.351883649826,725.4107022285461,0.5786524415016174
45,Nose,510.3454679250717,501.8918180465698,0.9990063309669495
45,Left Eye,505.9409350156784,478.5098648071289,0.9984515309333801
45,Right Eye,513.8557583093643,475.84102392196655,0.9986566305160522
45,Left Ear,516.5834963321686,474.1327893733978,0.9986758232116699
45,Right Ear,497.23723232746124,476.78534388542175,0.997113823890686
45,Left Shoulder,661.8397176265717,436.4250075817108,0.999966025352478
45,Right Shoulder,509.3708097934723,441.35292291641235,0.9998454451560974
45,Left Elbow,684.6372306346893,559.7687602043152,0.9741498231887817
45,Right Elbow,521.2650746107101,549.8672890663147,0.8079411387443542
45,Left Wrist,634.6698641777039,675.8767604827881,0.9482627511024475
45,Right Wrist,579.1052043437958,665.1044511795044,0.7762995362281799
45,Left Hip,738.5486006736755,578.0064725875854,0.9997324347496033
45,Right Hip,646.6532647609711,574.0494632720947,0.9995136260986328
45,Left Knee,805.1043331623077,696.9465637207031,0.8890871405601501
45,Right Knee,600.1464247703552,673.8353633880615,0.7124958634376526
45,Left Ankle,857.9465329647064,790.6720662117004,0.8628007173538208
45,Right Ankle,517.3671305179596,692.0345163345337,0.5812984704971313
46,Nose,505.8607488870621,506.07094645500183,0.9991039037704468
46,Left Eye,506.9097250699997,491.41066789627075,0.9986052513122559
46,Right Eye,511.24246418476105,489.82487082481384,0.9987896680831909
46,Left Ear,514.0774995088577,488.39006066322327,0.9988070726394653
46,Right Ear,493.6596393585205,489.3370199203491,0.9973992705345154
46,Left Shoulder,664.4593060016632,461.6198658943176,0.9999691843986511
46,Right Shoulder,508.3384871482849,444.02807235717773,0.9998599290847778
46,Left Elbow,682.3545157909393,588.3395648002625,0.9764851927757263
46,Right Elbow,514.8529052734375,550.0562238693237,0.7940054535865784
46,Left Wrist,625.7235050201416,688.2710766792297,0.9529394507408142
46,Right Wrist,568.3634757995605,667.3967742919922,0.7655674815177917
46,Left Hip,737.7490997314453,584.5284247398376,0.9997538328170776
46,Right Hip,645.3437328338623,575.5429172515869,0.9995322227478027
46,Left Knee,803.0498504638672,698.5937404632568,0.8975045680999756
46,Right Knee,603.1251788139343,668.976616859436,0.7121144533157349
46,Left Ankle,851.4477849006653,763.6867690086365,0.8737583756446838
46,Right Ankle,551.1511266231537,678.172173500061,0.5922265648841858
47,Nose,502.82583832740784,523.5372769832611,0.9991923570632935
47,Left Eye,505.14448285102844,501.1474406719208,0.9987438917160034
47,Right Eye,509.0252161026001,499.7265350818634,0.9989097714424133
47,Left Ear,512.0103299617767,498.4747052192688,0.998925507068634
47,Right Ear,490.17196893692017,499.37431812286377,0.9976571202278137
47,Left Shoulder,658.523041009903,471.7589056491852,0.9999719858169556
47,Right Shoulder,507.67644345760345,455.64913988113403,0.9998727440834045
47,Left Elbow,679.5108914375305,590.2692103385925,0.9786460995674133
47,Right Elbow,522.4989771842957,560.9399628639221,0.7885371446609497
47,Left Wrist,618.8340544700623,696.7898797988892,0.957266092300415
47,Right Wrist,570.6436991691589,673.7230968475342,0.7605292201042175
47,Left Hip,735.8484327793121,589.0038299560547,0.9997694492340088
47,Right Hip,644.637531042099,575.8507490158081,0.9995319247245789
47,Left Knee,799.1133213043213,705.075523853302,0.9056656956672668
47,Right Knee,596.10715508461,669.2700934410095,0.7161464691162109
47,Left Ankle,848.4295606613159,767.1733403205872,0.8836027383804321
47,Right Ankle,532.0198833942413,677.937662601471,0.6019845008850098
48,Nose,498.2315927743912,539.5169770717621,0.9992685914039612
48,Left Eye,496.9397962093353,514.8905646800995,0.998866081237793
48,Right Eye,503.46404910087585,513.0492067337036,0.9990155100822449
48,Left Ear,507.17191994190216,512.1788835525513,0.9990295767784119
48,Right Ear,485.8549654483795,512.0503628253937,0.9978817701339722
48,Left Shoulder,653.3316612243652,483.38744044303894,0.9999744892120361
48,Right Shoulder,505.5920958518982,458.3952605724335,0.9998830556869507
48,Left Elbow,674.3752419948578,609.687910079956,0.9806313514709473
48,Right Elbow,518.2854026556015,557.7296161651611,0.7700943350791931
48,Left Wrist,614.0922546386719,703.9409494400024,0.9612428545951843
48,Right Wrist,528.792342543602,668.2453393936157,0.7578477263450623
48,Left Hip,731.8088352680206,598.0040788650513,0.9997830390930176
48,Right Hip,644.1557586193085,579.9951481819153,0.9995214343070984
48,Left Knee,780.4770290851593,703.4341406822205,0.912890613079071
48,Right Knee,620.9021747112274,667.0197415351868,0.6974416971206665
48,Left Ankle,846.4053690433502,766.10835313797,0.8925976157188416
48,Right Ankle,620.2019393444061,678.6679744720459,0.5999593138694763
49,Nose,484.65568125247955,536.6746830940247,0.9993252754211426
49,Left Eye,480.6809604167938,524.8853766918182,0.9989684820175171
49,Right Eye,484.0411067008972,524.1603434085846,0.9991034865379333
49,Left Ear,489.09834027290344,524.8868894577026,0.9991155862808228
49,Right Ear,471.23774886131287,522.5644397735596,0.9980626702308655
49,Left Shoulder,636.9578242301941,492.8189241886139,0.9999763369560242
49,Right Shoulder,500.6285548210144,464.2892861366272,0.9998885989189148
49,Left Elbow,669.561779499054,621.0812258720398,0.9823083877563477
49,Right Elbow,520.0072735548019,567.1260166168213,0.7381093502044678
49,Left Wrist,607.3439002037048,714.0300035476685,0.9645325541496277
49,Right Wrist,524.3925303220749,676.5520334243774,0.7411321997642517
49,Left Hip,722.2255766391754,602.0962071418762,0.9997942447662354
49,Right Hip,643.3537006378174,585.5216360092163,0.9994901418685913
49,Left Knee,769.6591794490814,707.5012922286987,0.9201372861862183
49,Right Knee,624.1724967956543,670.5452585220337,0.6777288913726807
49,Left Ankle,846.5793788433075,768.1214904785156,0.9009631276130676
49,Right Ankle,656.3463449478149,702.8103017807007,0.5927953124046326
50,Nose,483.1730246543884,541.0294532775879,0.9993877410888672
50,Left Eye,474.45656955242157,527.7299880981445,0.9990676641464233
50,Right Eye,477.3120939731598,525.2786958217621,0.9991896152496338
50,Left Ear,480.45118749141693,523.0918478965759,0.9991999864578247
50,Right Ear,467.03882813453674,526.3840448856354,0.9982461333274841
50,Left Shoulder,608.8836312294006,482.33590722084045,0.9999760389328003
50,Right Shoulder,503.62881422042847,466.406546831131,0.9998915791511536
50,Left Elbow,652.35795378685,631.6751575469971,0.9836564064025879
50,Right Elbow,524.6008962392807,584.2839360237122,0.7291469573974609
50,Left Wrist,596.6278076171875,723.1687831878662,0.9667261838912964
50,Right Wrist,528.7897199392319,684.7411179542542,0.7383831739425659
50,Left Hip,720.425420999527,598.5575580596924,0.9997580051422119
50,Right Hip,651.6269028186798,585.497624874115,0.9993830323219299
50,Left Knee,766.7888045310974,703.070240020752,0.9254191517829895
50,Right Knee,647.4201798439026,687.0121335983276,0.6750975251197815
50,Left Ankle,839.2973899841309,765.5510115623474,0.9067096710205078
50,Right Ankle,735.6596052646637,705.9432721138,0.5954024195671082
51,Nose,485.1311266422272,548.8142108917236,0.9993959665298462
51,Left Eye,478.22771072387695,537.2772145271301,0.9991307854652405
51,Right Eye,481.3326448202133,535.2013456821442,0.9992452263832092
51,Left Ear,484.47134494781494,533.2236456871033,0.999251127243042
51,Right Ear,470.3349173069,535.0780069828033,0.9983132481575012
51,Left Shoulder,602.3878335952759,495.28260827064514,0.9999718070030212
51,Right Shoulder,503.68228256702423,465.7721507549286,0.999872088432312
51,Left Elbow,632.015198469162,641.5494632720947,0.9847518801689148
51,Right Elbow,501.0067015886307,585.1718330383301,0.7134205102920532
51,Left Wrist,577.8881847858429,726.6255497932434,0.9673647284507751
51,Right Wrist,467.4102544784546,680.0318455696106,0.7228553295135498
51,Left Hip,710.5542004108429,596.8431758880615,0.999754011631012
51,Right Hip,650.4406988620758,575.7688665390015,0.9993334412574768
51,Left Knee,723.4205663204193,718.4197282791138,0.9289905428886414
51,Right Knee,633.1274449825287,687.5280833244324,0.6500477194786072
51,Left Ankle,836.2205505371094,765.0077033042908,0.9059607982635498
51,Right Ankle,693.464720249176,693.1568598747253,0.5542059540748596
52,Nose,486.2868756055832,562.2707462310791,0.9994292259216309
52,Left Eye,481.7447543144226,551.1071133613586,0.9992040395736694
52,Right Eye,487.68088817596436,546.7242121696472,0.9993088841438293
52,Left Ear,490.55509865283966,545.6954026222229,0.9993117451667786
52,Right Ear,471.554034948349,545.3112244606018,0.9984314441680908
52,Left Shoulder,605.0697088241577,503.3806049823761,0.9999731183052063
52,Right Shoulder,497.2012370824814,472.76135444641113,0.9998741149902344
52,Left Elbow,632.5700759887695,651.826422214508,0.9861485958099365
52,Right Elbow,484.2627823352814,597.2879934310913,0.7051564455032349
52,Left Wrist,564.0515863895416,741.3548040390015,0.9700855612754822
52,Right Wrist,445.30448615550995,676.7183089256287,0.7218019366264343
52,Left Hip,712.6421868801117,596.392822265625,0.9997606873512268
52,Right Hip,650.0646829605103,572.6407885551453,0.9992985725402832
52,Left Knee,714.7676110267639,710.7250285148621,0.9327600002288818
52,Right Knee,628.9356708526611,684.3750929832458,0.6075276732444763
52,Left Ankle,835.3364706039429,765.0233459472656,0.9093725085258484
52,Right Ankle,704.9444496631622,693.9924216270447,0.5194706916809082
53,Nose,457.57588148117065,559.7135281562805,0.9994412660598755
53,Left Eye,452.5411367416382,553.1459355354309,0.9992587566375732
53,Right Eye,456.11518919467926,552.9506921768188,0.9993599057197571
53,Left Ear,459.35581028461456,553.3345484733582,0.9993586540222168
53,Right Ear,445.29901146888733,546.296968460083,0.9984661936759949
53,Left Shoulder,585.3573620319366,554.5331740379333,0.999973714351654
53,Right Shoulder,495.4832673072815,469.00518894195557,0.9998425841331482
53,Left Elbow,634.2592298984528,688.8427734375,0.9873666763305664
53,Right Elbow,437.37868070602417,531.9170987606049,0.6887140274047852
53,Left Wrist,544.7141081094742,752.8132009506226,0.9724521636962891
53,Right Wrist,338.6277914047241,551.9776296615601,0.7122126221656799
53,Left Hip,701.1585235595703,623.5798645019531,0.999743640422821
53,Right Hip,650.5630433559418,576.5988922119141,0.9990192651748657
53,Left Knee,720.0592398643494,712.5026893615723,0.9280700087547302
53,Right Knee,675.9469032287598,681.3178896903992,0.5607505440711975
53,Left Ankle,835.3684663772583,765.7549452781677,0.9118174910545349
53,Right Ankle,765.1309251785278,707.0400595664978,0.48699939250946045
54,Nose,413.96734714508057,549.7635841369629,0.9953775405883789
54,Left Eye,404.25115525722504,538.8854455947876,0.9967649579048157
54,Right Eye,405.03033101558685,538.9727032184601,0.9974578022956848
54,Left Ear,405.883726477623,539.6501004695892,0.9972659349441528
54,Right Ear,402.6453346014023,533.6254298686981,0.9925262928009033
54,Left Shoulder,489.0378564596176,562.5488376617432,0.999767005443573
54,Right Shoulder,460.4414373636246,490.8860921859741,0.9977021813392639
54,Left Elbow,480.1427364349365,657.0873713493347,0.9817951321601868
54,Right Elbow,410.3748381137848,538.5706293582916,0.6345807313919067
54,Left Wrist,351.2816607952118,681.1933922767639,0.9573704600334167
54,Right Wrist,315.8332288265228,576.8948793411255,0.6682878136634827
54,Left Hip,644.5051550865173,639.9479269981384,0.9996846914291382
54,Right Hip,629.9837291240692,602.5956130027771,0.9986363053321838
54,Left Knee,715.0935351848602,710.527982711792,0.9176727533340454
54,Right Knee,682.2277784347534,660.8858942985535,0.5133628249168396
54,Left Ankle,814.8645520210266,749.5912027359009,0.9075626730918884
54,Right Ankle,756.9401383399963,687.6861834526062,0.4610639214515686
55,Nose,293.49431097507477,544.7962403297424,0.9910781383514404
55,Left Eye,282.84909427165985,532.4954259395599,0.9946150779724121
55,Right Eye,282.5267434120178,532.0440101623535,0.994762659072876
55,Left Ear,282.2819232940674,532.1207749843597,0.9953286647796631
55,Right Ear,284.51057970523834,528.1619310379028,0.9891639947891235
55,Left Shoulder,319.02595460414886,548.1991910934448,0.9997333884239197
55,Right Shoulder,364.5871162414551,487.15883016586304,0.9970257878303528
55,Left Elbow,250.97107589244843,584.811794757843,0.9789485931396484
55,Right Elbow,350.78375935554504,512.5015211105347,0.5851105451583862
55,Left Wrist,169.18917447328568,567.2200655937195,0.9575769901275635
55,Right Wrist,307.4958384037018,530.7448661327362,0.6252305507659912
55,Left Hip,527.8422385454178,632.3239731788635,0.9996854662895203
55,Right Hip,540.1763796806335,598.8346838951111,0.9985289573669434
55,Left Knee,655.9857368469238,702.2948026657104,0.9104053378105164
55,Right Knee,598.4254717826843,647.4487996101379,0.46878376603126526
55,Left Ankle,799.3256866931915,750.8532357215881,0.8940374851226807
55,Right Ankle,710.7955455780029,699.4493865966797,0.4272975027561188
56,Nose,299.45440888404846,562.1329236030579,0.9846181869506836
56,Left Eye,293.35875511169434,552.5497126579285,0.9909664988517761
56,Right Eye,296.03466391563416,551.8130922317505,0.9912107586860657
56,Left Ear,298.7575829029083,551.2001967430115,0.9924979209899902
56,Right Ear,288.14377188682556,549.5281076431274,0.9793331623077393
56,Left Shoulder,382.9369217157364,569.7675633430481,0.9997501373291016
56,Right Shoulder,341.0615026950836,499.96078848838806,0.9969853758811951
56,Left Elbow,417.0055031776428,693.643069267273,0.9797380566596985
56,Right Elbow,356.5098226070404,583.1110596656799,0.5333778858184814
56,Left Wrist,363.58210146427155,801.6108441352844,0.960411012172699
56,Right Wrist,305.76691925525665,654.50923204422,0.6016188263893127
56,Left Hip,549.1726666688919,632.4387502670288,0.9997052550315857
56,Right Hip,519.132798910141,597.1231341362,0.9984493851661682
56,Left Knee,665.2293682098389,696.2701964378357,0.9103183746337891
56,Right Knee,573.728209733963,640.2529907226562,0.4248550534248352
56,Left Ankle,793.0454671382904,749.5892071723938,0.8948742747306824
56,Right Ankle,657.1306347846985,698.2897710800171,0.3936017155647278
57,Nose,281.46989941596985,586.4760303497314,0.9832529425621033
57,Left Eye,272.6514905691147,578.7519121170044,0.9899188876152039
57,Right Eye,274.015474319458,577.345232963562,0.9899928569793701
57,Left Ear,275.45059621334076,576.0150933265686,0.9915111660957336
57,Right Ear,268.88475865125656,578.0558466911316,0.9775768518447876
57,Left Shoulder,345.67613899707794,576.505937576294,0.9997527003288269
57,Right Shoulder,313.3484423160553,549.7562456130981,0.9971510767936707
57,Left Elbow,384.8855823278427,703.6505627632141,0.9793803691864014
57,Right Elbow,345.08674144744873,671.4728093147278,0.5408003926277161
57,Left Wrist,329.14592921733856,823.5491681098938,0.9603201150894165
57,Right Wrist,311.44200563430786,801.1767768859863,0.6283814907073975
57,Left Hip,514.6743059158325,642.2110891342163,0.9996932148933411
57,Right Hip,483.1728935241699,616.4710235595703,0.9982523918151855
57,Left Knee,634.8808526992798,716.7773151397705,0.9129909873008728
57,Right Knee,531.6691428422928,675.9126162528992,0.388243705034256
57,Left Ankle,771.1520969867706,774.4407320022583,0.8948698043823242
57,Right Ankle,606.0885906219482,728.8910937309265,0.36600515246391296
63,Nose,263.36325854063034,772.6136326789856,0.984416663646698
63,Left Eye,240.47774076461792,772.1656608581543,0.9906171560287476
63,Right Eye,241.37155711650848,773.9903783798218,0.990717351436615
63,Left Ear,242.72937774658203,776.4890813827515,0.992112398147583
63,Right Ear,238.01098465919495,766.8317127227783,0.9792472720146179
63,Left Shoulder,359.1662585735321,742.7423644065857,0.9995742440223694
63,Right Shoulder,318.67996752262115,657.5255584716797,0.9963630437850952
63,Left Elbow,358.00985395908356,861.8250417709351,0.9758309125900269
63,Right Elbow,291.15917682647705,702.0924139022827,0.5207152366638184
63,Left Wrist,246.03353142738342,910.3478121757507,0.9588481187820435
63,Right Wrist,179.52772676944733,694.1353940963745,0.6104835271835327
63,Left Hip,686.879426240921,636.2139701843262,0.9996951818466187
63,Right Hip,650.2314805984497,598.19655418396,0.9983664155006409
63,Left Knee,842.7114963531494,743.6533713340759,0.9058654308319092
63,Right Knee,751.8338620662689,719.135491847992,0.3618779182434082
63,Left Ankle,856.2530517578125,579.2053556442261,0.8600548505783081
63,Right Ankle,847.0871150493622,626.0053110122681,0.3408055603504181
64,Nose,252.11989134550095,792.9701828956604,0.9857794046401978
64,Left Eye,229.88559901714325,793.9901089668274,0.9914682507514954
64,Right Eye,230.06600141525269,793.1585383415222,0.991545557975769
64,Left Ear,230.81790208816528,792.5678515434265,0.9928362965583801
64,Right Ear,228.91441583633423,792.1151804924011,0.9811683297157288
64,Left Shoulder,343.36965680122375,742.2242259979248,0.9995228052139282
64,Right Shoulder,309.09942984580994,675.3346109390259,0.996207058429718
64,Left Elbow,356.076043844223,857.1112632751465,0.9763186573982239
64,Right Elbow,294.554203748703,723.030059337616,0.48736250400543213
64,Left Wrist,241.45931601524353,911.2505793571472,0.9593505263328552
64,Right Wrist,197.8625014424324,730.7506370544434,0.5750165581703186
64,Left Hip,670.6640601158142,658.9622354507446,0.9996843934059143
64,Right Hip,637.3649835586548,622.8258633613586,0.9983854293823242
64,Left Knee,795.693051815033,747.4449419975281,0.880037784576416
64,Right Knee,756.2672436237335,714.3936467170715,0.33354946970939636
64,Left Ankle,877.2498846054077,636.8511986732483,0.8199361562728882
64,Right Ankle,850.322949886322,639.7313761711121,0.3119924068450928
65,Nose,253.56335639953613,792.0629739761353,0.9866851568222046
65,Left Eye,232.7270433306694,790.5670738220215,0.9920949339866638
65,Right Eye,232.3120817542076,790.4896974563599,0.9921495318412781
65,Left Ear,232.23522305488586,791.0003042221069,0.9933713674545288
65,Right Ear,231.1897709965706,789.099497795105,0.982684850692749
65,Left Shoulder,335.05200147628784,741.477370262146,0.9994339942932129
65,Right Shoulder,308.93804132938385,673.7122821807861,0.9962540864944458
65,Left Elbow,345.6648290157318,845.7201361656189,0.9759103655815125
65,Right Elbow,292.03706085681915,720.0415420532227,0.46822959184646606
65,Left Wrist,237.59908825159073,914.773006439209,0.9580771327018738
65,Right Wrist,198.26959520578384,722.5665092468262,0.553989589214325
65,Left Hip,668.9890682697296,655.5263257026672,0.9996992349624634
65,Right Hip,638.5935425758362,624.8135733604431,0.9985077977180481
65,Left Knee,807.2685062885284,765.0754880905151,0.8659058213233948
65,Right Knee,756.42991065979,685.840094089508,0.3086318075656891
65,Left Ankle,874.8136818408966,644.9952864646912,0.7789492011070251
65,Right Ankle,839.9487793445587,595.1867938041687,0.2889214754104614
66,Nose,244.0368115901947,793.7631940841675,0.9878458976745605
66,Left Eye,223.68915528059006,796.9739270210266,0.9927825331687927
66,Right Eye,222.38068878650665,796.3742280006409,0.9928366541862488
66,Left Ear,221.51681929826736,795.9894704818726,0.9939496517181396
66,Right Ear,223.70162904262543,796.5701150894165,0.9842519760131836
66,Left Shoulder,312.85326182842255,742.4358201026917,0.999407947063446
66,Right Shoulder,304.0445238351822,688.1806969642639,0.9963553547859192
66,Left Elbow,337.44184970855713,847.2787356376648,0.9763266444206238
66,Right Elbow,316.03739857673645,728.2331371307373,0.45040690898895264
66,Left Wrist,236.9814157485962,915.8306550979614,0.9567996859550476
66,Right Wrist,219.55379992723465,729.4488859176636,0.5339224934577942
66,Left Hip,664.2213702201843,653.6423850059509,0.9997061491012573
66,Right Hip,636.9496285915375,638.6831903457642,0.9986112713813782
66,Left Knee,805.6858956813812,809.1058588027954,0.8674538731575012
66,Right Knee,758.2026600837708,709.8548340797424,0.29232534766197205
66,Left Ankle,872.9992985725403,636.2213730812073,0.7739723324775696
66,Right Ankle,837.0818793773651,572.8382205963135,0.2722712755203247
67,Nose,225.78274756669998,792.2996735572815,0.9888195991516113
67,Left Eye,205.7857170701027,796.9804930686951,0.9933560490608215
67,Right Eye,204.4963300228119,796.5965723991394,0.9934146404266357
67,Left Ear,203.8574144244194,796.3347673416138,0.994441568851471
67,Right Ear,205.7192012667656,795.7504534721375,0.9856023192405701
67,Left Shoulder,300.2956748008728,749.1030621528625,0.9993802905082703
67,Right Shoulder,295.91808915138245,688.4861469268799,0.9964233636856079
67,Left Elbow,336.6529047489166,847.9995203018188,0.975385308265686
67,Right Elbow,331.11399710178375,731.0125064849854,0.4329169988632202
67,Left Wrist,236.32878065109253,915.7221221923828,0.9562495350837708
67,Right Wrist,239.51136022806168,743.2272219657898,0.5218877196311951
67,Left Hip,664.3934786319733,667.0971179008484,0.9997178912162781
67,Right Hip,635.9878540039062,649.5002388954163,0.9987087845802307
67,Left Knee,764.1559064388275,848.3265352249146,0.8718827962875366
67,Right Knee,746.5587556362152,719.881317615509,0.28176090121269226
67,Left Ankle,872.0606684684753,710.8244848251343,0.7755001187324524
67,Right Ankle,835.4326546192169,586.0614037513733,0.2683873772621155
68,Nose,219.64932829141617,807.2141289710999,0.9895891547203064
68,Left Eye,187.20890879631042,802.3183679580688,0.9937440752983093
68,Right Eye,185.91716140508652,802.0655751228333,0.9938368797302246
68,Left Ear,185.0251480937004,802.0362854003906,0.9947877526283264
68,Right Ear,190.70080816745758,800.1962471008301,0.9865933656692505
68,Left Shoulder,280.5113047361374,751.9589710235596,0.9993557929992676
68,Right Shoulder,295.1267510652542,707.2676181793213,0.9964044690132141
68,Left Elbow,339.8907393217087,842.906391620636,0.9756324291229248
68,Right Elbow,340.58648347854614,771.0236835479736,0.40424469113349915
68,Left Wrist,240.90837240219116,915.6808590888977,0.9571820497512817
68,Right Wrist,252.69883126020432,823.6229395866394,0.5004119277000427
68,Left Hip,661.6251885890961,677.9683685302734,0.9997172355651855
68,Right Hip,635.0866615772247,674.8542594909668,0.9987711906433105
68,Left Knee,768.4917271137238,868.0723786354065,0.8810865879058838
68,Right Knee,732.8258156776428,805.426812171936,0.27563080191612244
68,Left Ankle,865.9386575222015,671.5125274658203,0.7866619229316711
68,Right Ankle,834.8720729351044,664.8279047012329,0.25698786973953247
69,Nose,174.73463863134384,820.3238224983215,0.9898006319999695
69,Left Eye,156.9880649447441,820.114095211029,0.993794858455658
69,Right Eye,157.25429207086563,820.4432344436646,0.9939496517181396
69,Left Ear,157.8030228614807,820.401713848114,0.9948546886444092
69,Right Ear,155.6314080953598,817.1476578712463,0.9869394898414612
69,Left Shoulder,268.40377300977707,773.5147261619568,0.9993752837181091
69,Right Shoulder,261.0331401228905,717.3291206359863,0.996471107006073
69,Left Elbow,348.43839704990387,844.2520451545715,0.9729992747306824
69,Right Elbow,339.14736211299896,759.6261835098267,0.37654441595077515
69,Left Wrist,247.9287400841713,916.053192615509,0.9581150412559509
69,Right Wrist,248.31537753343582,804.2780113220215,0.48706522583961487
69,Left Hip,632.2406113147736,706.298611164093,0.9997354745864868
69,Right Hip,596.6869473457336,684.9955201148987,0.9988566637039185
69,Left Knee,768.2307124137878,869.5263719558716,0.8873496055603027
69,Right Knee,714.629727602005,811.577718257904,0.263395756483078
69,Left Ankle,855.0991058349609,658.4666275978088,0.7913849353790283
69,Right Ankle,829.9183666706085,713.488175868988,0.24648593366146088
70,Nose,174.72459077835083,828.6705565452576,0.9903249144554138
70,Left Eye,153.12364101409912,827.417471408844,0.9940772652626038
70,Right Eye,152.565698325634,827.1933889389038,0.9942634105682373
70,Left Ear,152.55191326141357,827.1491646766663,0.9951003789901733
70,Right Ear,152.9936581850052,824.4228386878967,0.9876436591148376
70,Left Shoulder,255.6547850370407,776.1824083328247,0.9993939399719238
70,Right Shoulder,256.7068427801132,728.5292530059814,0.9965857267379761
70,Left Elbow,353.66764068603516,845.1535248756409,0.9721249341964722
70,Right Elbow,363.3704900741577,793.540141582489,0.35222890973091125
70,Left Wrist,246.0978016257286,917.8939390182495,0.9604756832122803
70,Right Wrist,274.0370452404022,858.8638186454773,0.4784412980079651
70,Left Hip,640.7906949520111,712.1494102478027,0.9997535347938538
70,Right Hip,606.1643183231354,702.3927140235901,0.9989424347877502
70,Left Knee,758.5253059864044,896.4412450790405,0.8930924534797668
70,Right Knee,710.9732925891876,815.8979201316833,0.251657634973526
70,Left Ankle,852.0342648029327,682.3794651031494,0.7932611107826233
70,Right Ankle,825.7389843463898,724.8670077323914,0.23846454918384552
71,Nose,167.24162846803665,836.984395980835,0.9911760091781616
71,Left Eye,139.3039420247078,835.2191591262817,0.9945897459983826
71,Right Eye,138.24083656072617,835.0635695457458,0.9947647452354431
71,Left Ear,137.91314214468002,835.440731048584,0.9955251812934875
71,Right Ear,139.68689143657684,831.5510559082031,0.9887485504150391
71,Left Shoulder,255.68843632936478,781.3178300857544,0.9994233846664429
71,Right Shoulder,254.9463376402855,729.9468755722046,0.9967626333236694
71,Left Elbow,357.7013373374939,857.896614074707,0.9706213474273682
71,Right Elbow,357.62708485126495,786.016480922699,0.32602763175964355
71,Left Wrist,244.82224881649017,921.5437602996826,0.9624415636062622
71,Right Wrist,271.08990997076035,837.1654772758484,0.45958566665649414
71,Left Hip,645.5123007297516,724.068009853363,0.9997726082801819
71,Right Hip,610.374253988266,710.6091570854187,0.9990308284759521
71,Left Knee,757.1786642074585,914.3769836425781,0.8990852236747742
71,Right Knee,689.6504700183868,823.4043288230896,0.24900735914707184
71,Left Ankle,846.9757854938507,714.6172785758972,0.7977472543716431
71,Right Ankle,819.4694519042969,749.0066957473755,0.24378500878810883
72,Nose,182.68273621797562,828.7635111808777,0.9918943047523499
72,Left Eye,155.62590062618256,828.1508088111877,0.9950101971626282
72,Right Eye,155.1019862294197,828.0785179138184,0.9951642751693726
72,Left Ear,155.3220883011818,828.1956124305725,0.995872437953949
72,Right Ear,155.60857504606247,825.3077101707458,0.9897021055221558
72,Left Shoulder,283.74566435813904,797.3900985717773,0.999431312084198
72,Right Shoulder,260.0662186741829,729.5897340774536,0.9968565106391907
72,Left Elbow,364.53404128551483,880.1566100120544,0.9691140055656433
72,Right Elbow,354.48356568813324,789.3316268920898,0.30406489968299866
72,Left Wrist,245.38142085075378,929.1545176506042,0.9636048674583435
72,Right Wrist,271.47381007671356,825.8547520637512,0.44505545496940613
72,Left Hip,646.7729866504669,750.5505537986755,0.9997879862785339
72,Right Hip,615.5877947807312,726.117582321167,0.9991077780723572
72,Left Knee,763.8373255729675,904.6182918548584,0.9004234075546265
72,Right Knee,681.5773725509644,809.3757748603821,0.2367417961359024
72,Left Ankle,825.7142007350922,765.2972531318665,0.7929016351699829
72,Right Ankle,808.1359326839447,784.8172760009766,0.24931597709655762
73,Nose,190.45821726322174,825.5502033233643,0.9924429059028625
73,Left Eye,188.02163749933243,828.0049395561218,0.995304524898529
73,Right Eye,187.67614215612411,826.5868020057678,0.9954946637153625
73,Left Ear,187.4703660607338,825.544924736023,0.9961037635803223
73,Right Ear,157.14430660009384,823.1707835197449,0.9903442859649658
73,Left Shoulder,284.82335805892944,791.0672521591187,0.9993546009063721
73,Right Shoulder,296.2809592485428,736.7196893692017,0.9966908097267151
73,Left Elbow,380.07802069187164,890.30681848526,0.9699980616569519
73,Right Elbow,379.5537292957306,818.4557175636292,0.28332337737083435
73,Left Wrist,244.70934569835663,932.2928309440613,0.963451087474823
73,Right Wrist,271.7352017760277,879.9117994308472,0.4291078746318817
73,Left Hip,665.8877730369568,753.2912993431091,0.9997886419296265
73,Right Hip,643.7010645866394,744.9228715896606,0.9991616606712341
73,Left Knee,784.7168624401093,937.693018913269,0.9076963663101196
73,Right Knee,749.330323934555,846.4378952980042,0.2240721434354782
73,Left Ankle,838.6913061141968,739.815194606781,0.7981866598129272
73,Right Ankle,827.164763212204,740.2468800544739,0.23603060841560364
74,Nose,191.85041040182114,829.0195870399475,0.9930714964866638
74,Left Eye,184.8185196518898,829.1200089454651,0.9956773519515991
74,Right Eye,185.06532311439514,827.6714873313904,0.9958725571632385
74,Left Ear,185.77967137098312,826.7193460464478,0.9964030385017395
74,Right Ear,162.22619265317917,827.1107983589172,0.991114616394043
74,Left Shoulder,288.3881986141205,791.1082577705383,0.9993340373039246
74,Right Shoulder,309.4937711954117,742.0885920524597,0.9966366291046143
74,Left Elbow,394.8027312755585,893.624861240387,0.9708888530731201
74,Right Elbow,394.7568356990814,828.0849552154541,0.2625361680984497
74,Left Wrist,245.9830790758133,934.1949892044067,0.9636882543563843
74,Right Wrist,284.46255326271057,883.0295777320862,0.4090627133846283
74,Left Hip,675.017911195755,754.9123406410217,0.9998016953468323
74,Right Hip,654.808384180069,754.8112750053406,0.9992282390594482
74,Left Knee,803.4807443618774,945.4144334793091,0.9144728183746338
74,Right Knee,777.3904204368591,869.1619563102722,0.21569392085075378
74,Left Ankle,839.0784025192261,751.2893629074097,0.801943302154541
74,Right Ankle,826.9623637199402,728.5550022125244,0.22419263422489166
75,Nose,218.0947795510292,831.7493891716003,0.9936535954475403
75,Left Eye,203.86615097522736,828.9601707458496,0.9960256814956665
75,Right Eye,228.23403030633926,833.393669128418,0.9962213039398193
75,Left Ear,228.5674124956131,831.3818192481995,0.9966816902160645
75,Right Ear,195.2002465724945,828.8782238960266,0.9918327927589417
75,Left Shoulder,322.752183675766,798.764398097992,0.9993234872817993
75,Right Shoulder,335.3523224592209,752.6636624336243,0.9966496229171753
75,Left Elbow,405.8131456375122,908.6806797981262,0.9722334742546082
75,Right Elbow,413.4214848279953,840.8413052558899,0.24319049715995789
75,Left Wrist,259.5494672656059,934.430980682373,0.9623414874076843
75,Right Wrist,311.5012764930725,881.5194511413574,0.3880721926689148
75,Left Hip,691.0138309001923,766.0227370262146,0.9998147487640381
75,Right Hip,671.3673114776611,768.1912064552307,0.99929279088974
75,Left Knee,848.7678110599518,949.6271324157715,0.9207100868225098
75,Right Knee,805.2777528762817,870.2172231674194,0.20335714519023895
75,Left Ankle,847.2150325775146,756.3799166679382,0.8018626570701599
75,Right Ankle,832.8031003475189,723.6927795410156,0.20960015058517456
76,Nose,275.30897557735443,830.7704043388367,0.9939083456993103
76,Left Eye,267.37918704748154,826.5305399894714,0.9961538314819336
76,Right Eye,271.5610280632973,822.4698901176453,0.996385931968689
76,Left Ear,271.39267325401306,822.3638677597046,0.9967645406723022
76,Right Ear,264.7369459271431,824.1650891304016,0.9921244978904724
76,Left Shoulder,362.1752381324768,808.2711982727051,0.9992581009864807
76,Right Shoulder,388.51064443588257,766.1393165588379,0.9962790012359619
76,Left Elbow,401.4068752527237,907.8205275535583,0.9725924134254456
76,Right Elbow,436.1279606819153,835.6223273277283,0.2249249666929245
76,Left Wrist,260.02938747406006,934.0161609649658,0.9611189365386963
76,Right Wrist,344.883194565773,868.4102725982666,0.36482301354408264
76,Left Hip,712.4325096607208,780.7919669151306,0.9998246431350708
76,Right Hip,692.4213826656342,765.8562684059143,0.999344527721405
76,Left Knee,888.0269527435303,934.2808628082275,0.924647331237793
76,Right Knee,828.8892567157745,856.1954283714294,0.1909908652305603
76,Left Ankle,856.5305888652802,756.8790006637573,0.7933143973350525
76,Right Ankle,840.744411945343,725.3189706802368,0.19733716547489166
77,Nose,203.54879945516586,844.5883941650391,0.9944599270820618
77,Left Eye,180.71012794971466,837.5266742706299,0.9964976906776428
77,Right Eye,180.49594312906265,834.5995688438416,0.9967199563980103
77,Left Ear,182.06263780593872,833.8049483299255,0.9970475435256958
77,Right Ear,183.23502391576767,840.2853798866272,0.9928342700004578
77,Left Shoulder,320.85020542144775,811.2949275970459,0.9993012547492981
77,Right Shoulder,357.6328545808792,788.4124445915222,0.9965122938156128
77,Left Elbow,398.3207583427429,913.7929272651672,0.9736818075180054
77,Right Elbow,433.8638663291931,885.4406046867371,0.2131163626909256
77,Left Wrist,258.9263692498207,937.3804879188538,0.9606965184211731
77,Right Wrist,340.81084728240967,883.1821417808533,0.35169553756713867
77,Left Hip,708.6906433105469,783.3466100692749,0.9998380541801453
77,Right Hip,681.9197535514832,781.141254901886,0.9994032382965088
77,Left Knee,890.6616866588593,925.3263831138611,0.9304567575454712
77,Right Knee,849.8481273651123,860.5450487136841,0.18289579451084137
77,Left Ankle,856.5202951431274,746.1809778213501,0.7914016842842102
77,Right Ankle,847.5593149662018,721.604905128479,0.1850181519985199
78,Nose,193.33011656999588,864.4217848777771,0.9949983358383179
78,Left Eye,167.3785611987114,856.5172290802002,0.9968366026878357
78,Right Eye,166.5344923734665,851.4174699783325,0.9970372319221497
78,Left Ear,166.94293022155762,847.4518346786499,0.9973325133323669
78,Right Ear,172.44322001934052,868.4427165985107,0.9935341477394104
78,Left Shoulder,288.14413249492645,806.2762141227722,0.9993512630462646
78,Right Shoulder,332.7027380466461,826.2822532653809,0.9967945218086243
78,Left Elbow,403.4881740808487,920.6472373008728,0.974455714225769
78,Right Elbow,426.4628440141678,909.936146736145,0.21371270716190338
78,Left Wrist,258.0510914325714,938.5544586181641,0.9590535759925842
78,Right Wrist,346.1431920528412,886.2638711929321,0.3452400267124176
78,Left Hip,649.420964717865,791.8933510780334,0.9998471140861511
78,Right Hip,640.9383475780487,815.0062251091003,0.9994535446166992
78,Left Knee,881.7903339862823,905.6058382987976,0.9286760687828064
78,Right Knee,832.374894618988,856.182746887207,0.19375655055046082
78,Left Ankle,856.6901743412018,752.7465748786926,0.7414449453353882
78,Right Ankle,864.1818404197693,778.7783145904541,0.17549102008342743
79,Nose,211.40466332435608,871.8968439102173,0.9954791069030762
79,Left Eye,181.56534284353256,866.3096523284912,0.9971402883529663
79,Right Eye,176.9478216767311,861.0299062728882,0.9973219037055969
79,Left Ear,176.64850056171417,856.1718034744263,0.9975880980491638
79,Right Ear,188.6008232831955,876.7893862724304,0.9941586256027222
79,Left Shoulder,291.0781055688858,803.5739636421204,0.9994003772735596
79,Right Shoulder,329.16674613952637,812.9345083236694,0.9970428347587585
79,Left Elbow,409.81723964214325,931.7674827575684,0.9748590588569641
79,Right Elbow,431.2155604362488,896.5560865402222,0.20474828779697418
79,Left Wrist,269.1153511404991,944.8052072525024,0.9545451402664185
79,Right Wrist,374.4010001420975,876.4679718017578,0.3230678141117096
79,Left Hip,644.7233557701111,796.2428426742554,0.9998544454574585
79,Right Hip,637.5031292438507,811.2767744064331,0.9994955658912659
79,Left Knee,889.5641267299652,899.7661113739014,0.9246475696563721
79,Right Knee,836.6703927516937,856.2438368797302,0.19212433695793152
79,Left Ankle,857.6617181301117,744.8545074462891,0.700503408908844
79,Right Ankle,866.3627982139587,777.7979779243469,0.16627590358257294
80,Nose,222.66447097063065,868.439691066742,0.9958880543708801
80,Left Eye,195.31387090682983,864.7330927848816,0.9973874688148499
80,Right Eye,192.4314484000206,857.6866936683655,0.9975458383560181
80,Left Ear,192.00089871883392,852.4609565734863,0.9977953433990479
80,Right Ear,201.35118812322617,875.8963394165039,0.9946838617324829
80,Left Shoulder,294.0952807664871,787.4333310127258,0.9994214177131653
80,Right Shoulder,328.0601054430008,840.1167869567871,0.997189462184906
80,Left Elbow,426.9040644168854,862.5690650939941,0.9727057814598083
80,Right Elbow,424.88964200019836,926.7893886566162,0.22156599164009094
80,Left Wrist,298.01440238952637,921.5917181968689,0.9506508111953735
80,Right Wrist,349.39715564250946,918.7295651435852,0.3331930935382843
80,Left Hip,630.1378726959229,787.4048137664795,0.9998306035995483
80,Right Hip,625.5262196063995,831.0325312614441,0.9994990825653076
80,Left Knee,848.896187543869,861.9103360176086,0.9092892408370972
80,Right Knee,821.0851728916168,876.9275951385498,0.20353984832763672
80,Left Ankle,885.7891499996185,814.6609282493591,0.6563052535057068
80,Right Ankle,924.6531963348389,862.11266040802,0.17052435874938965
81,Nose,220.99034786224365,863.2800650596619,0.9960551261901855
81,Left Eye,196.54265940189362,859.8749256134033,0.9971923828125
81,Right Eye,192.80698895454407,853.9157223701477,0.9973046779632568
81,Left Ear,192.10114777088165,850.4427981376648,0.9976415038108826
81,Right Ear,204.5450121164322,871.3973093032837,0.9947220683097839
81,Left Shoulder,295.26728987693787,760.2019357681274,0.9992418885231018
81,Right Shoulder,313.49465250968933,895.2871012687683,0.9970475435256958
81,Left Elbow,452.8803050518036,748.8183403015137,0.9350107312202454
81,Right Elbow,407.90195167064667,964.766571521759,0.27883613109588623
81,Left Wrist,451.3046443462372,774.7874450683594,0.9193764328956604
81,Right Wrist,322.26716578006744,942.8798747062683,0.3830176591873169
81,Left Hip,603.4790992736816,782.4115920066833,0.9991347789764404
81,Right Hip,597.5864350795746,865.0223207473755,0.9992079138755798
81,Left Knee,769.9739575386047,782.5287508964539,0.8872093558311462
81,Right Knee,713.7862980365753,902.0565032958984,0.27192428708076477
81,Left Ankle,887.8737270832062,866.2576389312744,0.6528261303901672
81,Right Ankle,911.8074834346771,898.3271169662476,0.2416985034942627
82,Nose,222.7752760052681,872.731761932373,0.9960934519767761
82,Left Eye,198.00366312265396,869.2326378822327,0.9970973134040833
82,Right Eye,193.920136988163,863.9374423027039,0.9971879720687866
82,Left Ear,192.3287734389305,859.3167471885681,0.9975791573524475
82,Right Ear,208.24552327394485,883.2825636863708,0.9947251677513123
82,Left Shoulder,294.65124011039734,759.3907713890076,0.9992234706878662
82,Right Shoulder,313.71318101882935,881.3922500610352,0.9965140223503113
82,Left Elbow,443.49806904792786,735.3990125656128,0.9116204977035522
82,Right Elbow,409.979185461998,941.5052533149719,0.2855679392814636
82,Left Wrist,417.27114021778107,771.876368522644,0.8855219483375549
82,Right Wrist,321.48244976997375,928.0903673171997,0.39234989881515503
82,Left Hip,617.6724374294281,775.8742547035217,0.9990991353988647
82,Right Hip,604.3200373649597,858.7483334541321,0.999153733253479
82,Left Knee,796.8295574188232,811.7909860610962,0.8769387602806091
82,Right Knee,736.416882276535,926.1571168899536,0.30325862765312195
82,Left Ankle,885.0221693515778,840.2396106719971,0.6070536375045776
82,Right Ankle,884.1886401176453,896.5795183181763,0.23449549078941345
83,Nose,230.7946428656578,877.653272151947,0.996406078338623
83,Left Eye,210.6687769293785,879.6469688415527,0.9973065853118896
83,Right Eye,206.472347676754,875.2983784675598,0.9973681569099426
83,Left Ear,203.5303756594658,871.8282222747803,0.9977442026138306
83,Right Ear,217.362941801548,888.2852482795715,0.9951595664024353
83,Left Shoulder,298.4720140695572,766.760516166687,0.9992234706878662
83,Right Shoulder,316.16125106811523,868.5620641708374,0.9966685175895691
83,Left Elbow,445.08435130119324,767.2254180908203,0.8897923827171326
83,Right Elbow,426.9255369901657,931.3600659370422,0.29469430446624756
83,Left Wrist,395.7644075155258,806.9222617149353,0.8547855615615845
83,Right Wrist,332.3342949151993,923.7182807922363,0.4025125801563263
83,Left Hip,613.4781718254089,776.9579744338989,0.999081015586853
83,Right Hip,604.467099905014,844.172158241272,0.9991397857666016
83,Left Knee,802.5961399078369,806.0949397087097,0.8664467334747314
83,Right Knee,743.4466421604156,913.0126619338989,0.3437058925628662
83,Left Ankle,880.9112370014191,869.8452758789062,0.578850507736206
83,Right Ankle,881.3292801380157,910.7523322105408,0.24699857831001282
84,Nose,240.3444305062294,878.7880396842957,0.9967233538627625
84,Left Eye,222.82217144966125,881.5730738639832,0.9975296258926392
84,Right Eye,219.88564133644104,877.1315932273865,0.9975713491439819
84,Left Ear,213.03082555532455,874.5719933509827,0.9979318380355835
84,Right Ear,227.51987874507904,888.7465453147888,0.995604395866394
84,Left Shoulder,299.1569072008133,771.5825700759888,0.9992541074752808
84,Right Shoulder,320.0263798236847,878.3125805854797,0.9969210624694824
84,Left Elbow,438.222274184227,794.6635794639587,0.8835639953613281
84,Right Elbow,423.2928365468979,937.0670557022095,0.30445724725723267
84,Left Wrist,379.86237704753876,826.5746355056763,0.8403011560440063
84,Right Wrist,332.82295167446136,917.9669380187988,0.4168612062931061
84,Left Hip,611.3698601722717,773.9233016967773,0.9991497993469238
84,Right Hip,597.326272726059,847.1290040016174,0.9992201328277588
84,Left Knee,784.4021499156952,800.4940366744995,0.8670578598976135
84,Right Knee,572.7975785732269,903.7615513801575,0.39953720569610596
84,Left Ankle,871.9964802265167,885.6681632995605,0.5853333473205566
84,Right Ankle,842.6892697811127,938.6031889915466,0.30889391899108887
85,Nose,247.45065569877625,878.9523196220398,0.9969783425331116
85,Left Eye,231.64258003234863,882.8927850723267,0.9976778030395508
85,Right Eye,230.03243207931519,879.3368196487427,0.9976375699043274
85,Left Ear,226.98563784360886,877.5588369369507,0.9980428218841553
85,Right Ear,234.4505861401558,887.6908278465271,0.9959822297096252
85,Left Shoulder,306.08451664447784,784.2137145996094,0.999214231967926
85,Right Shoulder,324.1851419210434,877.6924109458923,0.9971972703933716
85,Left Elbow,416.43338203430176,808.5866904258728,0.8561162948608398
85,Right Elbow,421.3646322488785,926.943690776825,0.32048168778419495
85,Left Wrist,365.5280739068985,850.6230425834656,0.8028408885002136
85,Right Wrist,333.4127426147461,915.6574273109436,0.4299458861351013
85,Left Hip,611.6876542568207,773.4347105026245,0.9992232918739319
85,Right Hip,593.0727362632751,842.9781675338745,0.9992966651916504
85,Left Knee,792.1345055103302,779.9490666389465,0.8652185201644897
85,Right Knee,589.0120923519135,898.4618496894836,0.454578161239624
85,Left Ankle,833.9170515537262,878.8006567955017,0.5845187306404114
85,Right Ankle,821.9851195812225,940.3155755996704,0.37235191464424133
86,Nose,256.8223848938942,881.0632395744324,0.9972209334373474
86,Left Eye,242.2710120677948,885.9004211425781,0.9978391528129578
86,Right Eye,242.09664165973663,884.9630856513977,0.9977591037750244
86,Left Ear,242.80574470758438,882.324435710907,0.9981689453125
86,Right Ear,241.3570836186409,887.2375774383545,0.996321976184845
86,Left Shoulder,325.9483188390732,836.4530611038208,0.9992555975914001
86,Right Shoulder,324.3450552225113,830.7924199104309,0.9974526762962341
86,Left Elbow,384.6469908952713,927.8850817680359,0.8474010825157166
86,Right Elbow,342.2049254179001,896.0926008224487,0.31845328211784363
86,Left Wrist,328.55135202407837,918.6503219604492,0.7986775636672974
86,Right Wrist,275.10224878787994,909.6388721466064,0.4243793189525604
86,Left Hip,617.1841740608215,775.7319259643555,0.9992954730987549
86,Right Hip,608.8106572628021,802.5409698486328,0.9993659853935242
86,Left Knee,789.4808888435364,794.8119592666626,0.8677603006362915
86,Right Knee,652.5745809078217,880.722770690918,0.49879175424575806
86,Left Ankle,818.4433579444885,882.8450202941895,0.6001594066619873
86,Right Ankle,831.6171586513519,939.0323638916016,0.42934364080429077
87,Nose,270.3238472342491,880.6964421272278,0.9971575736999512
87,Left Eye,253.89931201934814,883.6388683319092,0.997637927532196
87,Right Eye,253.64831238985062,882.3911905288696,0.9973924160003662
87,Left Ear,253.72900664806366,880.1202392578125,0.9980181455612183
87,Right Ear,247.3606675863266,885.6670689582825,0.9963024258613586
87,Left Shoulder,333.6492031812668,823.8504338264465,0.999169647693634
87,Right Shoulder,336.0116124153137,825.0313568115234,0.9975156784057617
87,Left Elbow,370.36533653736115,931.0264849662781,0.8470178246498108
87,Right Elbow,346.5403527021408,884.2856240272522,0.31145963072776794
87,Left Wrist,318.0865377187729,931.1520767211914,0.7913464307785034
87,Right Wrist,271.48718535900116,907.1272945404053,0.42061007022857666
87,Left Hip,630.7496607303619,769.1519737243652,0.9993538856506348
87,Right Hip,616.5690422058105,795.6078028678894,0.9994257688522339
87,Left Knee,792.867523431778,815.1374173164368,0.8786859512329102
87,Right Knee,637.2962057590485,886.799840927124,0.5398932695388794
87,Left Ankle,820.2562987804413,866.8666076660156,0.6273419857025146
87,Right Ankle,835.5007112026215,941.1443138122559,0.4800953269004822
88,Nose,268.19281727075577,879.0340733528137,0.9971852898597717
88,Left Eye,255.21076172590256,876.6254925727844,0.9974939227104187
88,Right Eye,254.7114834189415,872.7258396148682,0.9970606565475464
88,Left Ear,254.36908602714539,867.8818345069885,0.9978737235069275
88,Right Ear,246.3502436876297,885.0474143028259,0.9963764548301697
88,Left Shoulder,330.2255243062973,818.0714750289917,0.9990962743759155
88,Right Shoulder,337.2960329055786,825.9210562705994,0.9976659417152405
88,Left Elbow,356.39950931072235,909.2532777786255,0.847885251045227
88,Right Elbow,349.1294860839844,880.4287791252136,0.31136956810951233
88,Left Wrist,305.20938634872437,937.514705657959,0.783601701259613
88,Right Wrist,259.3441501259804,897.7200150489807,0.41858798265457153
88,Left Hip,644.7175860404968,755.8521223068237,0.9994089007377625
88,Right Hip,618.190860748291,795.2038621902466,0.999481201171875
88,Left Knee,796.2100982666016,817.7206420898438,0.8861388564109802
88,Right Knee,618.7490165233612,917.4945688247681,0.5737650394439697
88,Left Ankle,823.176896572113,823.5746598243713,0.6391964554786682
88,Right Ankle,831.6916406154633,949.5266461372375,0.5199463367462158
89,Nose,263.82159143686295,880.6930303573608,0.9972676634788513
89,Left Eye,247.78451323509216,875.3906893730164,0.9974254369735718
89,Right Eye,247.29169309139252,871.5366125106812,0.9969461560249329
89,Left Ear,246.74732238054276,867.0266389846802,0.9978160262107849
89,Right Ear,241.89248830080032,884.2114663124084,0.9964516758918762
89,Left Shoulder,327.82380878925323,817.8643870353699,0.9990314841270447
89,Right Shoulder,329.2823374271393,825.8163857460022,0.9977757334709167
89,Left Elbow,367.8964823484421,937.8153920173645,0.8520868420600891
89,Right Elbow,330.999618768692,874.1874933242798,0.3182240426540375
89,Left Wrist,309.18554961681366,962.7759003639221,0.7858535647392273
89,Right Wrist,225.9730339050293,881.7397999763489,0.42412877082824707
89,Left Hip,634.7315609455109,755.0143718719482,0.9994451999664307
89,Right Hip,611.7815434932709,795.7600450515747,0.9995285868644714
89,Left Knee,767.003333568573,823.4996652603149,0.8934911489486694
89,Right Knee,618.1038558483124,929.6463918685913,0.6099806427955627
89,Left Ankle,820.3510403633118,821.847403049469,0.6667470932006836
89,Right Ankle,833.6632490158081,939.4844555854797,0.5611416101455688
90,Nose,260.908779501915,880.7669949531555,0.9974409341812134
90,Left Eye,244.59824562072754,875.451328754425,0.9975529909133911
90,Right Eye,244.10362243652344,871.6133451461792,0.9970434308052063
90,Left Ear,242.8875371813774,864.6065354347229,0.9979270696640015
90,Right Ear,239.32985961437225,884.9282598495483,0.9967085719108582
90,Left Shoulder,316.5544778108597,815.4706120491028,0.9990047812461853
90,Right Shoulder,325.97752809524536,843.4930229187012,0.9979362487792969
90,Left Elbow,327.4732977151871,915.3719329833984,0.8566322326660156
90,Right Elbow,339.26626443862915,902.2266411781311,0.34551504254341125
90,Left Wrist,274.4443029165268,943.5597825050354,0.7811357378959656
90,Right Wrist,241.53383076190948,883.7110948562622,0.434064656496048
90,Left Hip,628.8733839988708,743.166196346283,0.9994668364524841
90,Right Hip,600.5691230297089,798.0388498306274,0.9995718598365784
90,Left Knee,777.0335495471954,823.9899945259094,0.894668698310852
90,Right Knee,566.0629272460938,921.7189836502075,0.6409635543823242
90,Left Ankle,822.8819191455841,813.195219039917,0.666002094745636
90,Right Ankle,829.1210293769836,943.553216457367,0.5923001766204834
