Frame,Keypoint,X,Y,Confidence
1,Nose,468.01324367523193,358.32884788513184,0.9998346567153931
1,Left Eye,473.7207269668579,357.7295780181885,0.9997962117195129
1,Right Eye,474.4844055175781,358.7676429748535,0.9997082352638245
1,Left Ear,475.4970359802246,360.5902290344238,0.9997846484184265
1,Right Ear,473.9397668838501,354.7257328033447,0.9996337890625
1,Left Shoulder,456.05797290802,403.4365940093994,0.9999797344207764
1,Right Shoulder,495.61416149139404,379.987735748291,0.9999538660049438
1,Left Elbow,399.7738981246948,392.7711868286133,0.9887406229972839
1,Right Elbow,494.8712110519409,343.441743850708,0.7066417932510376
1,Left Wrist,345.44830799102783,368.5809516906738,0.9741294980049133
1,Right Wrist,504.11084175109863,309.07299041748047,0.7065241932868958
1,Left Hip,392.95546531677246,433.8416862487793,0.9997963309288025
1,Right Hip,416.1427116394043,403.3827209472656,0.9999310970306396
1,Left Knee,382.85396575927734,365.38538932800293,0.7802416086196899
1,Right Knee,429.4212341308594,332.25860595703125,0.6507049798965454
1,Left Ankle,355.81244945526123,363.07156562805176,0.33031582832336426
1,Right Ankle,351.5834856033325,318.837833404541,0.49415162205696106
2,Nose,469.72792625427246,358.2966613769531,0.9998472332954407
2,Left Eye,476.07107162475586,357.6687526702881,0.9998133182525635
2,Right Eye,477.09228515625,358.69608879089355,0.9997327327728271
2,Left Ear,478.08337211608887,360.0904369354248,0.9998030066490173
2,Right Ear,475.3615093231201,354.5504665374756,0.9996647238731384
2,Left Shoulder,456.0663843154907,400.33833503723145,0.9999781250953674
2,Right Shoulder,498.0920934677124,379.99354362487793,0.9999536275863647
2,Left Elbow,397.7444314956665,391.50060653686523,0.9854975342750549
2,Right Elbow,489.66025829315186,351.8627071380615,0.6824648380279541
2,Left Wrist,343.73647928237915,370.9109401702881,0.9658905863761902
2,Right Wrist,497.0844841003418,313.8908386230469,0.6926939487457275
2,Left Hip,393.5776948928833,430.53826332092285,0.9997777342796326
2,Right Hip,416.7574739456177,411.45678520202637,0.9998968243598938
2,Left Knee,398.9879035949707,360.6327152252197,0.7554076910018921
2,Right Knee,424.64381217956543,339.8268985748291,0.630936861038208
2,Left Ankle,355.8815002441406,356.727933883667,0.33673012256622314
2,Right Ankle,353.91430377960205,337.4975109100342,0.4682868719100952
3,Nose,464.9777126312256,365.0489902496338,0.9998099207878113
3,Left Eye,470.90784072875977,364.36497688293457,0.9997729063034058
3,Right Eye,472.0959949493408,365.28974533081055,0.9996930956840515
3,Left Ear,473.15136909484863,365.9428024291992,0.999763548374176
3,Right Ear,469.8397636413574,360.2870750427246,0.9995836019515991
3,Left Shoulder,460.1576328277588,401.23340606689453,0.9999610781669617
3,Right Shoulder,493.67438793182373,380.05785942077637,0.9999268651008606
3,Left Elbow,398.6468553543091,391.55954360961914,0.9828512072563171
3,Right Elbow,473.2933759689331,356.05462074279785,0.6725015044212341
3,Left Wrist,343.976354598999,372.3831367492676,0.9502122402191162
3,Right Wrist,476.39954566955566,328.0961036682129,0.6580011248588562
3,Left Hip,395.6204652786255,433.01304817199707,0.9996092915534973
3,Right Hip,415.9548282623291,414.0842056274414,0.9997953772544861
3,Left Knee,366.3121175765991,371.1503791809082,0.7551788687705994
3,Right Knee,390.11425495147705,340.8735466003418,0.6367952227592468
3,Left Ankle,353.5404896736145,399.39754486083984,0.32812219858169556
3,Right Ankle,345.9174585342407,352.30570793151855,0.4459599256515503
4,Nose,464.9765968322754,370.31447410583496,0.9998022317886353
4,Left Eye,471.1136198043823,370.26469230651855,0.9997663497924805
4,Right Eye,472.2879123687744,371.77971839904785,0.9996929168701172
4,Left Ear,473.92624855041504,373.7380886077881,0.9997614026069641
4,Right Ear,469.9103593826294,364.9746036529541,0.9995834827423096
4,Left Shoulder,467.04902172088623,400.1283359527588,0.9999442100524902
4,Right Shoulder,478.73040676116943,379.7464370727539,0.9999118447303772
4,Left Elbow,410.8330965042114,384.0815734863281,0.9760836362838745
4,Right Elbow,444.5082092285156,373.16697120666504,0.6319641470909119
4,Left Wrist,373.8128614425659,357.67109870910645,0.9324167370796204
4,Right Wrist,424.7562503814697,353.364200592041,0.6338318586349487
4,Left Hip,398.5136890411377,431.33334159851074,0.9994467496871948
4,Right Hip,410.5427312850952,412.46947288513184,0.9996967911720276
4,Left Knee,389.3144416809082,375.7968235015869,0.745024561882019
4,Right Knee,394.85326766967773,347.62121200561523,0.6355878710746765
4,Left Ankle,356.0305452346802,388.6485958099365,0.32833120226860046
4,Right Ankle,348.69957447052,367.23137855529785,0.43128788471221924
5,Nose,467.65876293182373,368.2511043548584,0.9998147487640381
5,Left Eye,472.62067794799805,368.12647819519043,0.999784529209137
5,Right Eye,473.87492179870605,369.77110862731934,0.9997162222862244
5,Left Ear,475.2283000946045,371.26659393310547,0.9997808337211609
5,Right Ear,471.70782566070557,363.8334560394287,0.9996158480644226
5,Left Shoulder,466.12462520599365,401.6440200805664,0.9999467134475708
5,Right Shoulder,485.514121055603,381.27519607543945,0.9999147653579712
5,Left Elbow,404.5616626739502,385.96120834350586,0.97609943151474
5,Right Elbow,455.9209442138672,364.3718147277832,0.6245855689048767
5,Left Wrist,356.303915977478,366.41077995300293,0.9309435486793518
5,Right Wrist,450.16900062561035,339.50343132019043,0.6317311525344849
5,Left Hip,403.07533264160156,430.74694633483887,0.9994724988937378
5,Right Hip,419.95951652526855,412.8431510925293,0.9997035264968872
5,Left Knee,396.1293125152588,375.23966789245605,0.7457268238067627
5,Right Knee,401.97601318359375,344.6217155456543,0.641158938407898
5,Left Ankle,356.29900217056274,360.50439834594727,0.36258894205093384
5,Right Ankle,349.14520740509033,336.339054107666,0.43429049849510193
6,Nose,466.21474742889404,373.8090991973877,0.9998143911361694
6,Left Eye,471.7548608779907,374.21284675598145,0.9997851848602295
6,Right Eye,473.28299045562744,375.79848289489746,0.9997232556343079
6,Left Ear,474.8765230178833,377.10376739501953,0.9997870922088623
6,Right Ear,469.9107885360718,368.95477294921875,0.9996221661567688
6,Left Shoulder,467.06228256225586,407.3596000671387,0.9999502897262573
6,Right Shoulder,484.54749584198,375.9081745147705,0.9999133348464966
6,Left Elbow,402.86264419555664,408.58205795288086,0.9766061305999756
6,Right Elbow,454.67159271240234,361.01680755615234,0.6169307231903076
6,Left Wrist,351.4888572692871,372.8372383117676,0.9323418736457825
6,Right Wrist,457.9552173614502,339.42981719970703,0.6188591122627258
6,Left Hip,404.1003227233887,430.8402156829834,0.9995081424713135
6,Right Hip,419.5269298553467,410.5129909515381,0.9997208714485168
6,Left Knee,371.38548374176025,384.22471046447754,0.7426322102546692
6,Right Knee,398.3872175216675,343.28630447387695,0.6604795455932617
6,Left Ankle,350.34241676330566,343.7047004699707,0.3626396358013153
6,Right Ankle,349.25968408584595,336.10230445861816,0.42819520831108093
7,Nose,465.9244680404663,371.2595272064209,0.9998055100440979
7,Left Eye,471.3996934890747,371.38458251953125,0.9997769594192505
7,Right Eye,472.9313850402832,373.0594825744629,0.9997140169143677
7,Left Ear,474.353084564209,374.3195629119873,0.9997826814651489
7,Right Ear,470.11446475982666,366.83558464050293,0.9996189475059509
7,Left Shoulder,462.4340343475342,407.22928047180176,0.9999493956565857
7,Right Shoulder,485.59385776519775,376.6351890563965,0.999914824962616
7,Left Elbow,398.62213611602783,402.7513790130615,0.9755224585533142
7,Right Elbow,464.04876708984375,359.2735004425049,0.6083915829658508
7,Left Wrist,345.1921033859253,372.67810821533203,0.925430417060852
7,Right Wrist,464.17420864105225,333.3607006072998,0.6024426221847534
7,Left Hip,400.91896533966064,431.0738754272461,0.9995295405387878
7,Right Hip,419.1991424560547,411.64873123168945,0.9997326731681824
7,Left Knee,367.7201271057129,380.25598526000977,0.7404701709747314
7,Right Knee,401.2324619293213,344.11102294921875,0.6584973931312561
7,Left Ankle,348.13345670700073,340.2751064300537,0.3627738654613495
7,Right Ankle,348.4049391746521,331.94958686828613,0.4232610762119293
8,Nose,464.7680711746216,372.3454284667969,0.9998106956481934
8,Left Eye,470.72171688079834,373.1191635131836,0.9997851848602295
8,Right Eye,472.3043918609619,374.7092628479004,0.9997265934944153
8,Left Ear,474.0506172180176,376.75652503967285,0.9997934699058533
8,Right Ear,468.803915977478,367.4699592590332,0.9996370673179626
8,Left Shoulder,463.4245204925537,411.28406524658203,0.9999518990516663
8,Right Shoulder,482.5716304779053,375.14782905578613,0.9999164342880249
8,Left Elbow,398.7865447998047,403.68799209594727,0.9766791462898254
8,Right Elbow,460.57751655578613,355.16100883483887,0.6121244430541992
8,Left Wrist,344.7462773323059,373.17572593688965,0.9259426593780518
8,Right Wrist,459.14435863494873,333.7709140777588,0.5877648591995239
8,Left Hip,400.6055545806885,436.0399532318115,0.9995507001876831
8,Right Hip,415.7591772079468,411.547794342041,0.9997439980506897
8,Left Knee,351.4923334121704,384.3658447265625,0.7433587908744812
8,Right Knee,384.7954559326172,349.55915451049805,0.6730319261550903
8,Left Ankle,342.2179627418518,345.137243270874,0.3639950454235077
8,Right Ankle,345.73307275772095,336.4882564544678,0.42121171951293945
9,Nose,464.7851085662842,372.3295783996582,0.9997816681861877
9,Left Eye,470.4954671859741,372.3845100402832,0.999737024307251
9,Right Eye,471.9669485092163,373.8072109222412,0.9996635913848877
9,Left Ear,473.68133068084717,375.616979598999,0.9997550249099731
9,Right Ear,468.8899612426758,367.1945858001709,0.9995777010917664
9,Left Shoulder,463.4705686569214,410.03917694091797,0.9999551177024841
9,Right Shoulder,483.00636291503906,371.209659576416,0.9999196529388428
9,Left Elbow,398.4772539138794,396.6620063781738,0.9769218564033508
9,Right Elbow,463.8304567337036,338.97534370422363,0.6136466860771179
9,Left Wrist,343.6967396736145,373.0873203277588,0.926175057888031
9,Right Wrist,462.5406789779663,331.8222713470459,0.5753176808357239
9,Left Hip,400.34467220306396,433.2710552215576,0.9995855689048767
9,Right Hip,417.42987155914307,407.8167915344238,0.9997642040252686
9,Left Knee,361.9010639190674,365.9622287750244,0.7433130741119385
9,Right Knee,415.652232170105,333.8093948364258,0.6751716732978821
9,Left Ankle,343.10105323791504,344.4877052307129,0.35657235980033875
9,Right Ankle,346.62609815597534,326.3052749633789,0.4215858280658722
10,Nose,464.42878246307373,372.6390266418457,0.9997673630714417
10,Left Eye,470.0789737701416,372.4939155578613,0.9997215867042542
10,Right Eye,471.6747808456421,373.74192237854004,0.9996497631072998
10,Left Ear,473.5782051086426,375.65906524658203,0.9997485876083374
10,Right Ear,467.86810398101807,367.1623134613037,0.9995620846748352
10,Left Shoulder,465.1490306854248,409.3622875213623,0.999955952167511
10,Right Shoulder,483.30097675323486,371.7765712738037,0.9999166131019592
10,Left Elbow,398.52742195129395,395.85740089416504,0.976078450679779
10,Right Elbow,458.9787483215332,340.0968360900879,0.6152054667472839
10,Left Wrist,343.57816457748413,372.8108882904053,0.9238987565040588
10,Right Wrist,459.24357891082764,333.8473606109619,0.5684748291969299
10,Left Hip,400.27266025543213,432.7584171295166,0.9995696544647217
10,Right Hip,416.8725299835205,407.29846000671387,0.9997578263282776
10,Left Knee,365.73100090026855,367.30353355407715,0.7279278039932251
10,Right Knee,414.478497505188,334.84150886535645,0.6702786684036255
10,Left Ankle,340.90625524520874,338.9805793762207,0.3508838713169098
10,Right Ankle,342.0536398887634,326.7223262786865,0.41183823347091675
11,Nose,464.44169998168945,372.5262451171875,0.9997631907463074
11,Left Eye,469.7915267944336,372.214879989624,0.9997137188911438
11,Right Eye,471.2572145462036,373.2759475708008,0.9996436238288879
11,Left Ear,472.78165340423584,375.4027462005615,0.9997476935386658
11,Right Ear,468.12950134277344,366.9053649902344,0.9995588064193726
11,Left Shoulder,464.98887062072754,408.46899032592773,0.999958872795105
11,Right Shoulder,484.3645477294922,371.7633247375488,0.9999198913574219
11,Left Elbow,398.3543014526367,394.52951431274414,0.9776486754417419
11,Right Elbow,462.32245445251465,342.4009609222412,0.6259146332740784
11,Left Wrist,342.9514718055725,372.7030277252197,0.9287734627723694
11,Right Wrist,461.71979427337646,331.4944839477539,0.5676645636558533
11,Left Hip,396.9938850402832,432.5838375091553,0.9995918273925781
11,Right Hip,414.23765659332275,407.36743927001953,0.9997700452804565
11,Left Knee,353.6967873573303,366.1937427520752,0.71915602684021
11,Right Knee,407.34935760498047,335.58348655700684,0.6674912571907043
11,Left Ankle,338.2107639312744,330.3138828277588,0.3481748402118683
11,Right Ankle,340.01747846603394,329.1811466217041,0.40679481625556946
12,Nose,464.2617988586426,371.8371391296387,0.9997508525848389
12,Left Eye,469.40563201904297,371.6250801086426,0.999694287776947
12,Right Eye,470.8515787124634,373.2373523712158,0.9996199607849121
12,Left Ear,472.2286891937256,374.8922824859619,0.9997333884239197
12,Right Ear,468.10431003570557,366.72789573669434,0.999541699886322
12,Left Shoulder,464.80266094207764,407.6605224609375,0.9999620318412781
12,Right Shoulder,487.45389461517334,371.8099594116211,0.999925971031189
12,Left Elbow,396.80291175842285,391.88281059265137,0.9788587093353271
12,Right Elbow,465.2161502838135,330.6050205230713,0.6391416192054749
12,Left Wrist,341.7057466506958,372.32834815979004,0.9323509931564331
12,Right Wrist,464.15729999542236,331.2111568450928,0.5704912543296814
12,Left Hip,396.19248390197754,432.06499099731445,0.9996239542961121
12,Right Hip,415.04446506500244,407.20693588256836,0.9997880458831787
12,Left Knee,350.07604122161865,366.2659549713135,0.7129257321357727
12,Right Knee,413.5232448577881,333.36121559143066,0.663658857345581
12,Left Ankle,340.2896046638489,334.7738742828369,0.33524513244628906
12,Right Ankle,342.01478004455566,327.58249282836914,0.3960176706314087
13,Nose,464.16858673095703,370.06184577941895,0.9997455477714539
13,Left Eye,469.1699409484863,369.9511528015137,0.9996857047080994
13,Right Eye,470.3769779205322,371.1230278015137,0.9996082186698914
13,Left Ear,471.65692806243896,372.92630195617676,0.9997260570526123
13,Right Ear,468.12233448028564,365.34756660461426,0.9995377063751221
13,Left Shoulder,463.60304832458496,404.4238758087158,0.9999650716781616
13,Right Shoulder,488.8747787475586,372.0676517486572,0.999931275844574
13,Left Elbow,396.7681932449341,388.4078121185303,0.9798892140388489
13,Right Elbow,474.104905128479,327.73844718933105,0.6485275030136108
13,Left Wrist,341.8834590911865,371.3687038421631,0.9358370304107666
13,Right Wrist,464.1471290588379,328.8541603088379,0.5687416195869446
13,Left Hip,394.78498935699463,431.0470962524414,0.9996535181999207
13,Right Hip,415.1388359069824,407.2477340698242,0.9998043179512024
13,Left Knee,353.83347272872925,359.1931629180908,0.7010619640350342
13,Right Knee,418.39722633361816,330.77465057373047,0.647459864616394
13,Left Ankle,335.54559230804443,338.83466720581055,0.31967324018478394
13,Right Ankle,342.42374181747437,326.62957191467285,0.37666165828704834
14,Nose,464.1148567199707,369.9007987976074,0.9997592568397522
14,Left Eye,469.2398929595947,370.107364654541,0.9997056722640991
14,Right Eye,470.4472303390503,371.3482189178467,0.9996337890625
14,Left Ear,471.7227602005005,372.872371673584,0.999744176864624
14,Right Ear,468.17546367645264,365.2912902832031,0.9995681047439575
14,Left Shoulder,462.0789957046509,405.6486225128174,0.9999673962593079
14,Right Shoulder,488.87709617614746,371.98817253112793,0.9999354481697083
14,Left Elbow,396.9513988494873,389.5249271392822,0.9809724688529968
14,Right Elbow,474.7545576095581,332.64315605163574,0.6645466089248657
14,Left Wrist,343.48872900009155,371.37725830078125,0.9392709732055664
14,Right Wrist,467.1234369277954,329.26554679870605,0.5726556777954102
14,Left Hip,396.47722721099854,431.12751960754395,0.9996688365936279
14,Right Hip,416.4661645889282,407.29342460632324,0.9998131990432739
14,Left Knee,362.5532913208008,361.459321975708,0.6918165683746338
14,Right Knee,412.2880983352661,336.469030380249,0.6502652168273926
14,Left Ankle,341.33873462677,334.1082572937012,0.3187878429889679
14,Right Ankle,343.9993357658386,328.3887577056885,0.37415945529937744
15,Nose,461.5077066421509,369.81983184814453,0.999746561050415
15,Left Eye,465.9939479827881,370.0554370880127,0.9996896982192993
15,Right Eye,467.02189922332764,371.5718078613281,0.9996110796928406
15,Left Ear,467.9895544052124,372.96074867248535,0.9997256994247437
15,Right Ear,465.80748081207275,365.3693675994873,0.9995539784431458
15,Left Shoulder,459.5739412307739,404.9186897277832,0.9999698996543884
15,Right Shoulder,489.1108560562134,371.9857120513916,0.9999398589134216
15,Left Elbow,396.96577548980713,388.5406494140625,0.9822385311126709
15,Right Elbow,474.52491760253906,333.60889434814453,0.6777390837669373
15,Left Wrist,344.10696744918823,363.6653995513916,0.9429781436920166
15,Right Wrist,467.06215381622314,331.95250511169434,0.5665252208709717
15,Left Hip,393.26037883758545,430.7669734954834,0.999691903591156
15,Right Hip,416.2330484390259,407.3264408111572,0.999825119972229
15,Left Knee,362.75482177734375,357.284517288208,0.680951714515686
15,Right Knee,423.80292892456055,332.1980667114258,0.6367766261100769
15,Left Ankle,341.68057680130005,334.28635597229004,0.30126404762268066
15,Right Ankle,350.1572799682617,326.1881446838379,0.3570317029953003
16,Nose,460.52717685699463,369.50955390930176,0.9997453689575195
16,Left Eye,464.79682445526123,368.1360054016113,0.999685525894165
16,Right Eye,466.17796897888184,370.2466678619385,0.9996060132980347
16,Left Ear,467.2598648071289,370.7918643951416,0.9997189044952393
16,Right Ear,464.4826412200928,364.99119758605957,0.9995514154434204
16,Left Shoulder,460.6004762649536,403.9984130859375,0.9999715089797974
16,Right Shoulder,490.8975076675415,373.9518070220947,0.999942421913147
16,Left Elbow,400.0126791000366,388.9010238647461,0.9829015731811523
16,Right Elbow,467.40779399871826,338.9718532562256,0.6680932641029358
16,Left Wrist,348.62292766571045,356.8608570098877,0.9429686069488525
16,Right Wrist,453.982458114624,328.5266590118408,0.5374698638916016
16,Left Hip,393.4478759765625,432.62786865234375,0.9997098445892334
16,Right Hip,417.2722864151001,411.0901165008545,0.9998339414596558
16,Left Knee,362.49561309814453,358.72950553894043,0.6928865909576416
16,Right Knee,422.66404151916504,331.3904857635498,0.6259565949440002
16,Left Ankle,342.90945768356323,335.29080390930176,0.30253925919532776
16,Right Ankle,352.2530722618103,326.41021728515625,0.34998196363449097
17,Nose,458.2240390777588,369.5347023010254,0.9997636675834656
17,Left Eye,462.82975673675537,368.3160209655762,0.9997082352638245
17,Right Eye,463.838267326355,370.24166107177734,0.9996349215507507
17,Left Ear,464.776611328125,370.76680183410645,0.999738335609436
17,Right Ear,462.4487113952637,364.94433403015137,0.9995844960212708
17,Left Shoulder,457.7698230743408,404.489221572876,0.9999728798866272
17,Right Shoulder,490.8299160003662,376.4120292663574,0.9999464154243469
17,Left Elbow,397.15962409973145,389.1569137573242,0.9843001365661621
17,Right Elbow,464.5069742202759,339.2566967010498,0.6872506737709045
17,Left Wrist,348.29479694366455,355.04021644592285,0.9475256204605103
17,Right Wrist,456.7604112625122,316.8782901763916,0.5553562045097351
17,Left Hip,392.4492359161377,433.7845516204834,0.999674916267395
17,Right Hip,416.8567371368408,414.3738842010498,0.9998139142990112
17,Left Knee,362.8756284713745,353.2683277130127,0.7002108097076416
17,Right Knee,414.6307182312012,336.2489604949951,0.6245650053024292
17,Left Ankle,345.84418058395386,346.0396671295166,0.2928561568260193
17,Right Ankle,353.1918239593506,347.10259437561035,0.3335961401462555
18,Nose,458.57624530792236,365.68490982055664,0.9980754256248474
18,Left Eye,463.639612197876,362.2555160522461,0.9977166652679443
18,Right Eye,464.71322536468506,361.97553634643555,0.997733473777771
18,Left Ear,465.705771446228,361.0472774505615,0.9979877471923828
18,Right Ear,463.0158805847168,362.12751388549805,0.9965907335281372
18,Left Shoulder,462.1013116836548,392.96024322509766,0.9999614953994751
18,Right Shoulder,487.67576694488525,377.9597854614258,0.9998166561126709
18,Left Elbow,399.3157768249512,384.4120788574219,0.9829814434051514
18,Right Elbow,444.1363477706909,362.3909854888916,0.6487003564834595
18,Left Wrist,352.43338108062744,347.697057723999,0.9432162046432495
18,Right Wrist,440.25190830230713,327.2639465332031,0.521660566329956
18,Left Hip,389.7735071182251,430.28406143188477,0.9995409846305847
18,Right Hip,409.6140432357788,417.061185836792,0.9996421933174133
18,Left Knee,362.1766233444214,356.06337547302246,0.6869137287139893
18,Right Knee,402.2897243499756,358.84257316589355,0.5821197032928467
18,Left Ankle,338.7840270996094,357.857723236084,0.2791697680950165
18,Right Ankle,346.47958517074585,362.68269538879395,0.30842670798301697
19,Nose,457.2175884246826,359.75810050964355,0.9958303570747375
19,Left Eye,463.1386613845825,357.12976455688477,0.9955217242240906
19,Right Eye,464.4698095321655,356.49115562438965,0.9955251216888428
19,Left Ear,465.6984329223633,355.4358386993408,0.9959791302680969
19,Right Ear,461.41968727111816,357.3867988586426,0.9936707019805908
19,Left Shoulder,462.18838691711426,385.83495140075684,0.9999406337738037
19,Right Shoulder,474.4765090942383,378.8221549987793,0.999709963798523
19,Left Elbow,399.1623544692993,384.770450592041,0.9732570052146912
19,Right Elbow,416.07245922088623,374.90283966064453,0.5900883674621582
19,Left Wrist,354.80114936828613,342.34705924987793,0.9218881130218506
19,Right Wrist,401.3666582107544,357.60523796081543,0.47685328125953674
19,Left Hip,385.5302953720093,425.9626865386963,0.9994722604751587
19,Right Hip,400.6830596923828,416.39814376831055,0.9996066093444824
19,Left Knee,367.6451110839844,349.092435836792,0.6730222702026367
19,Right Knee,403.85278701782227,358.0264663696289,0.5384905338287354
19,Left Ankle,342.93707370758057,361.6837692260742,0.2598019540309906
19,Right Ankle,346.7083668708801,363.7006187438965,0.285950630903244
20,Nose,450.0928258895874,349.7855472564697,0.9909161329269409
20,Left Eye,456.1963748931885,346.43643379211426,0.9923444986343384
20,Right Eye,457.5035762786865,346.69713020324707,0.9921038746833801
20,Left Ear,459.457426071167,346.39429092407227,0.9936572313308716
20,Right Ear,454.87471103668213,343.25194358825684,0.988297164440155
20,Left Shoulder,459.8386859893799,379.8343276977539,0.9999227523803711
20,Right Shoulder,470.75244426727295,378.6595630645752,0.9992840886116028
20,Left Elbow,395.245943069458,379.39807891845703,0.9719480872154236
20,Right Elbow,415.47327518463135,377.78557777404785,0.5331943035125732
20,Left Wrist,354.03053998947144,340.4327201843262,0.9228338003158569
20,Right Wrist,392.88079261779785,347.34935760498047,0.4324672520160675
20,Left Hip,377.36157417297363,425.5045509338379,0.9992454051971436
20,Right Hip,393.1948471069336,416.4256954193115,0.9991174340248108
20,Left Knee,356.1489486694336,346.4340305328369,0.6567708253860474
20,Right Knee,390.72399616241455,357.3906898498535,0.49225494265556335
20,Left Ankle,329.97957944869995,387.05620765686035,0.24455015361309052
20,Right Ankle,344.1433382034302,391.79134368896484,0.2618875205516815
21,Nose,450.62403202056885,340.69870948791504,0.9754937291145325
21,Left Eye,456.066255569458,335.782470703125,0.9814831614494324
21,Right Eye,457.18535900115967,335.75079917907715,0.981901228427887
21,Left Ear,459.2284297943115,337.08523750305176,0.9851794242858887
21,Right Ear,455.01208305358887,335.40802001953125,0.9712720513343811
21,Left Shoulder,459.4218921661377,361.2038040161133,0.9999142289161682
21,Right Shoulder,473.7503385543823,379.5864486694336,0.9989804029464722
21,Left Elbow,392.80848026275635,374.87239837646484,0.9662067294120789
21,Right Elbow,413.58924865722656,387.55096435546875,0.4811137914657593
21,Left Wrist,351.8190908432007,340.8709144592285,0.9196483492851257
21,Right Wrist,378.72143268585205,355.85254669189453,0.3916938602924347
21,Left Hip,374.0034055709839,414.28256034851074,0.9991904497146606
21,Right Hip,393.1106472015381,418.6549186706543,0.9988890886306763
21,Left Knee,354.8191523551941,343.1693744659424,0.6663455367088318
21,Right Knee,395.28310775756836,374.18457984924316,0.4538149833679199
21,Left Ankle,331.86588048934937,374.22863960266113,0.23962824046611786
21,Right Ankle,350.3986144065857,402.980260848999,0.24362701177597046
22,Nose,437.9086446762085,327.6852321624756,0.9457979798316956
22,Left Eye,440.36426067352295,322.46867179870605,0.960197925567627
22,Right Eye,443.4311628341675,323.3672904968262,0.9612355828285217
22,Left Ear,444.90328788757324,323.33621978759766,0.9687634110450745
22,Right Ear,440.73105812072754,321.91941261291504,0.9409649968147278
22,Left Shoulder,457.7007722854614,351.0076332092285,0.9999117255210876
22,Right Shoulder,474.40977573394775,374.75958824157715,0.998651921749115
22,Left Elbow,387.30857849121094,371.460657119751,0.9613886475563049
22,Right Elbow,414.3816375732422,393.2086658477783,0.4336572289466858
22,Left Wrist,350.0783586502075,341.50320053100586,0.9126081466674805
22,Right Wrist,374.53117847442627,374.88149642944336,0.35377103090286255
22,Left Hip,377.6565742492676,403.751163482666,0.9991660714149475
22,Right Hip,396.20201110839844,413.27075958251953,0.9987463355064392
22,Left Knee,361.6649007797241,334.87109184265137,0.656984806060791
22,Right Knee,397.84626960754395,363.8086795806885,0.4119296669960022
22,Left Ankle,335.8530592918396,365.44495582580566,0.22577889263629913
22,Right Ankle,351.3346838951111,380.43654441833496,0.22245047986507416
23,Nose,428.8222646713257,309.0295886993408,0.9511687755584717
23,Left Eye,436.70413970947266,315.6414985656738,0.9641519784927368
23,Right Eye,437.9122495651245,316.7423629760742,0.9650880098342896
23,Left Ear,438.8438129425049,317.7331066131592,0.971860945224762
23,Right Ear,433.03144454956055,297.685489654541,0.9468256235122681
23,Left Shoulder,449.77696895599365,350.6777000427246,0.9999174475669861
23,Right Shoulder,457.99675941467285,331.58700942993164,0.9987753033638
23,Left Elbow,387.8826570510864,367.3558044433594,0.9612723588943481
23,Right Elbow,401.5273332595825,350.3482246398926,0.40763306617736816
23,Left Wrist,348.5567307472229,339.9436283111572,0.9133960604667664
23,Right Wrist,366.8817329406738,344.8630714416504,0.3510771691799164
23,Left Hip,379.80693340301514,395.2656555175781,0.9991909265518188
23,Right Hip,391.24786376953125,385.4754638671875,0.9987919330596924
23,Left Knee,385.10818004608154,368.37573051452637,0.6071111559867859
23,Right Knee,394.6449136734009,379.18959617614746,0.38022926449775696
23,Left Ankle,354.3939256668091,380.4205513000488,0.21522000432014465
23,Right Ankle,357.9902744293213,388.12193870544434,0.20741258561611176
24,Nose,419.6202278137207,311.160249710083,0.9300057888031006
24,Left Eye,430.06749629974365,307.9193115234375,0.9523918032646179
24,Right Eye,433.01148891448975,310.0036811828613,0.9545168876647949
24,Left Ear,435.82870960235596,312.09288597106934,0.9635512232780457
24,Right Ear,424.6997308731079,299.8301410675049,0.9278932809829712
24,Left Shoulder,473.8175868988037,360.21326065063477,0.999849259853363
24,Right Shoulder,431.386456489563,288.2215404510498,0.9981858730316162
24,Left Elbow,463.4083414077759,399.57035064697266,0.9356185793876648
24,Right Elbow,394.70611095428467,303.363561630249,0.3735886216163635
24,Left Wrist,407.8003120422363,416.35159492492676,0.8563597202301025
24,Right Wrist,355.5572748184204,331.94764137268066,0.32944732904434204
24,Left Hip,396.04172229766846,395.82555770874023,0.998870849609375
24,Right Hip,380.2473735809326,354.7013568878174,0.9976255297660828
24,Left Knee,430.0226926803589,420.6248474121094,0.5578486919403076
24,Right Knee,382.5203847885132,369.0219783782959,0.3450344204902649
24,Left Ankle,399.63850021362305,426.6031837463379,0.19971148669719696
24,Right Ankle,360.22178649902344,379.43610191345215,0.19020015001296997
26,Nose,401.3860559463501,227.21368789672852,0.9368557929992676
26,Left Eye,397.68203258514404,224.77582454681396,0.9570732116699219
26,Right Eye,395.8800172805786,225.5011510848999,0.9589846730232239
26,Left Ear,394.0494632720947,226.43959522247314,0.9671119451522827
26,Right Ear,403.6613416671753,222.83530712127686,0.9350088238716125
26,Left Shoulder,381.26197814941406,255.29422760009766,0.9998556971549988
26,Right Shoulder,450.2027750015259,244.107084274292,0.9983590245246887
26,Left Elbow,356.69204235076904,305.49007415771484,0.9346925616264343
26,Right Elbow,479.84217166900635,281.1819648742676,0.4168294072151184
26,Left Wrist,344.0043568611145,301.5918445587158,0.8034884929656982
26,Right Wrist,464.0426301956177,291.95855140686035,0.3094364404678345
26,Left Hip,389.0429162979126,342.24958419799805,0.9989804029464722
26,Right Hip,438.43517303466797,344.7168445587158,0.9978538751602173
26,Left Knee,367.8474998474121,362.0156478881836,0.5837995409965515
26,Right Knee,468.95918369293213,376.4216136932373,0.3830474615097046
26,Left Ankle,382.9560613632202,420.7478141784668,0.23027630150318146
26,Right Ankle,428.5632276535034,406.27017974853516,0.2042907029390335
27,Nose,397.04001903533936,221.63204669952393,0.9426095485687256
27,Left Eye,394.5033359527588,217.00242519378662,0.9609094858169556
27,Right Eye,392.90096282958984,217.42220878601074,0.9627543091773987
27,Left Ear,391.2333583831787,218.00843238830566,0.9700146913528442
27,Right Ear,399.60712909698486,215.48492431640625,0.9408394694328308
27,Left Shoulder,381.37922286987305,243.97387504577637,0.9998584985733032
27,Right Shoulder,448.2984495162964,240.39499282836914,0.9983846545219421
27,Left Elbow,360.37336349487305,282.92012214660645,0.9408302903175354
27,Right Elbow,474.2285442352295,280.4249382019043,0.4610852301120758
27,Left Wrist,344.0975260734558,317.874813079834,0.8179737329483032
27,Right Wrist,456.024112701416,298.80306243896484,0.2886403501033783
27,Left Hip,392.6954412460327,337.44266510009766,0.9990176558494568
27,Right Hip,437.6808500289917,339.3844985961914,0.9979076385498047
27,Left Knee,350.8113956451416,359.859094619751,0.6191415190696716
27,Right Knee,430.02870082855225,382.641077041626,0.43729090690612793
27,Left Ankle,383.676438331604,432.78685569763184,0.2774009108543396
27,Right Ankle,411.00801944732666,450.27814865112305,0.2570544481277466
28,Nose,385.4125785827637,206.59688472747803,0.948207437992096
28,Left Eye,383.96843433380127,201.3722276687622,0.9646992683410645
28,Right Eye,382.881817817688,201.42127990722656,0.9663627743721008
28,Left Ear,381.7943859100342,201.54995441436768,0.9729074239730835
28,Right Ear,388.06251525878906,200.38809299468994,0.9465880393981934
28,Left Shoulder,375.072340965271,230.1698112487793,0.9998688101768494
28,Right Shoulder,438.80836486816406,226.7350673675537,0.9985284805297852
28,Left Elbow,360.24208545684814,275.6994438171387,0.9432769417762756
28,Right Elbow,463.8577938079834,268.74661445617676,0.5066299438476562
28,Left Wrist,344.21674489974976,319.4775581359863,0.8205227255821228
28,Right Wrist,456.8029832839966,298.81542205810547,0.28686192631721497
28,Left Hip,391.40540599823,323.0206489562988,0.9991108179092407
28,Right Hip,432.6542615890503,324.550724029541,0.9980965852737427
28,Left Knee,354.21170711517334,360.27297019958496,0.6322134137153625
28,Right Knee,425.5492401123047,373.88829231262207,0.44057103991508484
28,Left Ankle,385.11792182922363,433.49910736083984,0.3152572214603424
28,Right Ankle,409.010910987854,434.04473304748535,0.2747268080711365
29,Nose,379.58351612091064,190.99289417266846,0.953326404094696
29,Left Eye,378.33167552948,185.64923286437988,0.9681944251060486
29,Right Eye,377.4576187133789,185.67845821380615,0.9696893095970154
29,Left Ear,376.57875537872314,185.809965133667,0.9755836725234985
29,Right Ear,381.873779296875,184.86828804016113,0.951866626739502
29,Left Shoulder,367.91054248809814,213.13359260559082,0.9998817443847656
29,Right Shoulder,432.9593896865845,210.8628273010254,0.9986642003059387
29,Left Elbow,355.53118228912354,262.90812492370605,0.9475015997886658
29,Right Elbow,457.38972187042236,255.9030818939209,0.5243266820907593
29,Left Wrist,343.66783618927,315.8277225494385,0.8311880826950073
29,Right Wrist,454.45555686950684,298.1294059753418,0.2829301059246063
29,Left Hip,391.3133955001831,302.9751777648926,0.9991981983184814
29,Right Hip,428.9751720428467,299.3920612335205,0.9982627630233765
29,Left Knee,363.64033699035645,315.39356231689453,0.6309785842895508
29,Right Knee,400.26339054107666,308.5825538635254,0.4017203450202942
29,Left Ankle,398.0518341064453,363.00633430480957,0.3180695176124573
29,Right Ankle,394.5582675933838,318.58277320861816,0.2527444362640381
30,Nose,372.81731128692627,164.70804691314697,0.9578678607940674
30,Left Eye,370.3553867340088,160.15764713287354,0.9712610840797424
30,Right Eye,369.1418266296387,160.35354137420654,0.9726102352142334
30,Left Ear,368.0024242401123,160.72049617767334,0.9779219627380371
30,Right Ear,374.7515916824341,159.54349994659424,0.9565149545669556
30,Left Shoulder,358.7446188926697,193.65777969360352,0.999889612197876
30,Right Shoulder,419.7879409790039,188.1470489501953,0.9987282752990723
30,Left Elbow,353.2192897796631,244.4260025024414,0.9502774477005005
30,Right Elbow,443.3066654205322,231.36985301971436,0.5605300664901733
30,Left Wrist,344.6181106567383,290.81191062927246,0.8389907479286194
30,Right Wrist,444.4563674926758,273.5592842102051,0.29873019456863403
30,Left Hip,382.518367767334,284.15788650512695,0.9992250204086304
30,Right Hip,416.2766933441162,278.6594581604004,0.998163104057312
30,Left Knee,368.8153266906738,295.4667377471924,0.6037610173225403
30,Right Knee,392.1760368347168,294.5737552642822,0.38219648599624634
30,Left Ankle,388.7873125076294,336.6186046600342,0.3146352767944336
30,Right Ankle,390.66996574401855,316.57959938049316,0.24527998268604279
31,Nose,367.0528793334961,149.08666133880615,0.9612647891044617
31,Left Eye,365.39947986602783,144.92956638336182,0.9734471440315247
31,Right Eye,364.28986072540283,145.03794193267822,0.9746792316436768
31,Left Ear,363.2002830505371,145.29988288879395,0.9795528650283813
31,Right Ear,369.66599464416504,144.33846473693848,0.9598895311355591
31,Left Shoulder,351.6395330429077,176.81788444519043,0.9998971223831177
31,Right Shoulder,411.0729932785034,173.2695436477661,0.998797595500946
31,Left Elbow,348.62743377685547,219.80568408966064,0.9520056247711182
31,Right Elbow,431.2797260284424,214.55331802368164,0.5974805355072021
31,Left Wrist,344.4161295890808,268.20098876953125,0.8419234156608582
31,Right Wrist,428.16789150238037,254.60309028625488,0.3337724208831787
31,Left Hip,370.71184158325195,260.55413246154785,0.9992771744728088
31,Right Hip,397.2020673751831,254.84888076782227,0.9982051253318787
31,Left Knee,364.4013547897339,304.6362590789795,0.585008978843689
31,Right Knee,376.28864765167236,288.10678482055664,0.353685587644577
31,Left Ankle,372.74409770965576,337.03808784484863,0.3029114902019501
31,Right Ankle,372.4633026123047,316.40095710754395,0.22664403915405273
32,Nose,359.0192770957947,137.27728843688965,0.9650718569755554
32,Left Eye,357.522668838501,133.0997657775879,0.9760215282440186
32,Right Eye,356.5167546272278,133.09780597686768,0.9771331548690796
32,Left Ear,355.57257413864136,133.27373027801514,0.9815248250961304
32,Right Ear,361.57713890075684,133.08271408081055,0.963803231716156
32,Left Shoulder,342.59387969970703,161.49001121520996,0.999906599521637
32,Right Shoulder,402.2254800796509,162.0230197906494,0.9989123940467834
32,Left Elbow,338.1895422935486,205.29300212860107,0.9549341797828674
32,Right Elbow,416.201376914978,202.71878242492676,0.6336165070533752
32,Left Wrist,337.38906383514404,245.5619716644287,0.8484526872634888
32,Right Wrist,413.50805282592773,239.070782661438,0.3788589537143707
32,Left Hip,357.8363585472107,240.04514694213867,0.9993450045585632
32,Right Hip,385.8227205276489,239.79316234588623,0.9983733296394348
32,Left Knee,358.06780099868774,302.2352886199951,0.5853922963142395
32,Right Knee,373.38971614837646,288.65163803100586,0.34851062297821045
32,Left Ankle,354.6552801132202,296.05459213256836,0.3104342818260193
32,Right Ankle,357.27577686309814,297.7778434753418,0.2366994470357895
33,Nose,355.1741051673889,122.50190734863281,0.9684708118438721
33,Left Eye,353.5355758666992,117.97276496887207,0.9782847762107849
33,Right Eye,352.2654104232788,117.90801286697388,0.9793161153793335
33,Left Ear,351.07903718948364,118.01836967468262,0.9832534193992615
33,Right Ear,358.083701133728,118.39054584503174,0.9672760963439941
33,Left Shoulder,334.604651927948,147.908034324646,0.9999128580093384
33,Right Shoulder,389.71415519714355,152.8650426864624,0.9989793300628662
33,Left Elbow,320.7207655906677,187.40395545959473,0.9591245651245117
33,Right Elbow,404.29198265075684,187.64259338378906,0.667027473449707
33,Left Wrist,312.2277760505676,219.4868803024292,0.860580563545227
33,Right Wrist,389.6165657043457,210.507173538208,0.39470309019088745
33,Left Hip,339.6941542625427,221.20978832244873,0.9994017481803894
33,Right Hip,369.2931032180786,222.496075630188,0.998513400554657
33,Left Knee,335.7073402404785,262.44884490966797,0.6186518669128418
33,Right Knee,362.1222925186157,262.57081031799316,0.40588849782943726
33,Left Ankle,337.4728989601135,306.3112735748291,0.37517881393432617
33,Right Ankle,355.20386695861816,309.11656379699707,0.3065800368785858
34,Nose,341.9244432449341,112.87043809890747,0.971526026725769
34,Left Eye,341.626353263855,108.94305467605591,0.9803512096405029
34,Right Eye,340.51445960998535,109.05835390090942,0.9813007712364197
34,Left Ear,339.45831298828125,109.31885004043579,0.9848445057868958
34,Right Ear,345.19888401031494,109.16047096252441,0.97044438123703
34,Left Shoulder,320.1401424407959,134.52983379364014,0.9998921155929565
34,Right Shoulder,368.692889213562,141.01964950561523,0.9988094568252563
34,Left Elbow,291.8197703361511,151.81493282318115,0.9630427360534668
34,Right Elbow,386.145658493042,162.37536907196045,0.6813732981681824
34,Left Wrist,282.1716284751892,157.13982582092285,0.8546321988105774
34,Right Wrist,372.5232982635498,155.81069469451904,0.368604451417923
34,Left Hip,323.13451766967773,211.64075374603271,0.9994342923164368
34,Right Hip,350.22210359573364,211.6609525680542,0.9986051321029663
34,Left Knee,327.0418953895569,258.64551544189453,0.6552526950836182
34,Right Knee,354.7662591934204,254.54893112182617,0.463122695684433
34,Left Ankle,336.01141691207886,304.2568588256836,0.43527844548225403
34,Right Ankle,355.76807498931885,305.38825035095215,0.3722499907016754
35,Nose,328.94426822662354,114.71095561981201,0.9739385843276978
35,Left Eye,327.7809190750122,111.12677335739136,0.9820075035095215
35,Right Eye,326.3698625564575,111.00414276123047,0.9829135537147522
35,Left Ear,324.93249893188477,110.96386671066284,0.9860885143280029
35,Right Ear,331.92697048187256,111.76036834716797,0.9728667140007019
35,Left Shoulder,300.27947902679443,131.8421459197998,0.9998528957366943
35,Right Shoulder,347.79245138168335,141.38307094573975,0.9986768364906311
35,Left Elbow,270.9142255783081,124.13017272949219,0.9664953351020813
35,Right Elbow,363.49884510040283,151.49372577667236,0.665607213973999
35,Left Wrist,270.87658882141113,119.05091285705566,0.843100368976593
35,Right Wrist,347.5041890144348,144.23134803771973,0.33467069268226624
35,Left Hip,307.00673818588257,207.9856252670288,0.9994857907295227
35,Right Hip,334.50414419174194,206.0652494430542,0.9987292289733887
35,Left Knee,322.21630096435547,259.31997299194336,0.6894767880439758
35,Right Knee,346.8058705329895,253.17895889282227,0.5164103507995605
35,Left Ankle,339.38533544540405,308.4516906738281,0.4912955164909363
35,Right Ankle,355.1898121833801,303.29423904418945,0.4343053996562958
36,Nose,307.3527431488037,128.8390874862671,0.9747790694236755
36,Left Eye,305.51703929901123,125.20759105682373,0.9821144938468933
36,Right Eye,303.87338161468506,124.90174770355225,0.9832655191421509
36,Left Ear,302.28044986724854,124.7138786315918,0.9858081936836243
36,Right Ear,309.78020668029785,125.91084480285645,0.9729518294334412
36,Left Shoulder,278.63664865493774,141.0377025604248,0.9998522996902466
36,Right Shoulder,324.5475697517395,151.03335857391357,0.9987775683403015
36,Left Elbow,247.91048526763916,143.71556282043457,0.9574682116508484
36,Right Elbow,323.96570205688477,178.68330001831055,0.6118118166923523
36,Left Wrist,243.80908727645874,149.92887496948242,0.8296248912811279
36,Right Wrist,308.1673192977905,192.08544731140137,0.30925285816192627
36,Left Hip,294.7878170013428,210.61248779296875,0.999536395072937
36,Right Hip,318.4568524360657,205.82785606384277,0.998854398727417
36,Left Knee,315.8517837524414,255.97838401794434,0.7130974531173706
36,Right Knee,332.2190523147583,250.30391693115234,0.5537439584732056
36,Left Ankle,341.59963846206665,295.04316329956055,0.5391636490821838
36,Right Ankle,348.95498514175415,286.0461902618408,0.48406991362571716
37,Nose,281.21922969818115,154.5768642425537,0.9771018624305725
37,Left Eye,279.09595012664795,152.46591567993164,0.9837782979011536
37,Right Eye,277.71774530410767,152.49306678771973,0.9848051071166992
37,Left Ear,276.2414574623108,152.49894618988037,0.9871149063110352
37,Right Ear,282.74182319641113,152.46532917022705,0.9754774570465088
37,Left Shoulder,261.4343333244324,161.15321159362793,0.9998428821563721
37,Right Shoulder,301.8582487106323,162.42576599121094,0.9988937377929688
37,Left Elbow,247.36460208892822,169.21442985534668,0.8752458691596985
37,Right Elbow,302.57879734039307,187.60777473449707,0.5551051497459412
37,Left Wrist,250.81913709640503,167.8407382965088,0.7737433314323425
37,Right Wrist,290.34032821655273,204.545316696167,0.2819443643093109
37,Left Hip,276.6166663169861,217.73398876190186,0.9995818138122559
37,Right Hip,301.9299387931824,215.91277599334717,0.9989680647850037
37,Left Knee,309.55588817596436,242.08711624145508,0.6723453402519226
37,Right Knee,322.89685249328613,239.95343685150146,0.5673184394836426
37,Left Ankle,334.0002107620239,267.47328758239746,0.5685097575187683
37,Right Ankle,339.59853887557983,271.3241386413574,0.5240408778190613
40,Nose,270.11969089508057,154.56273078918457,0.979374885559082
40,Left Eye,273.85165214538574,158.29317569732666,0.9853935241699219
40,Right Eye,275.5812692642212,158.44319343566895,0.9863194823265076
40,Left Ear,277.07751274108887,158.44418048858643,0.988395094871521
40,Right Ear,268.1506061553955,158.73610496520996,0.9779208898544312
40,Left Shoulder,297.4656057357788,180.6493377685547,0.9998424649238586
40,Right Shoulder,248.6740779876709,172.3209571838379,0.9990031123161316
40,Left Elbow,304.2833948135376,183.36134433746338,0.8158832788467407
40,Right Elbow,230.08915901184082,169.25798892974854,0.575766921043396
40,Left Wrist,293.7024235725403,159.25230503082275,0.7590819001197815
40,Right Wrist,231.13011360168457,145.12560367584229,0.33645662665367126
40,Left Hip,295.7407736778259,200.80656051635742,0.9996231198310852
40,Right Hip,255.56190490722656,194.46654796600342,0.9990710616111755
40,Left Knee,319.20716285705566,219.03008937835693,0.7037902474403381
40,Right Knee,233.36950063705444,202.3437738418579,0.6099256277084351
40,Left Ankle,347.8183078765869,242.03856468200684,0.5903266668319702
40,Right Ankle,288.9598488807678,248.95557403564453,0.5673888325691223
41,Nose,269.2637872695923,154.6963405609131,0.9812397360801697
41,Left Eye,271.1321711540222,157.2342824935913,0.9867355823516846
41,Right Eye,272.1643280982971,157.51758098602295,0.9875718951225281
41,Left Ear,274.2909550666809,157.3016595840454,0.9894305467605591
41,Right Ear,267.29135513305664,157.08579540252686,0.9799844026565552
41,Left Shoulder,295.12354373931885,175.271315574646,0.9998139142990112
41,Right Shoulder,246.99364185333252,172.9569911956787,0.9990801811218262
41,Left Elbow,301.99697256088257,171.96404457092285,0.7659106850624084
41,Right Elbow,231.67829275131226,169.35627937316895,0.5566701889038086
41,Left Wrist,286.69915437698364,152.4858856201172,0.7320027947425842
41,Right Wrist,235.43121814727783,145.79771518707275,0.33942875266075134
41,Left Hip,293.8645362854004,202.60986328125,0.9996604323387146
41,Right Hip,256.63114070892334,199.10980224609375,0.9991635680198669
41,Left Knee,298.60678911209106,214.64328289031982,0.7307103276252747
41,Right Knee,224.38236236572266,196.36400699615479,0.6453275680541992
41,Left Ankle,342.8858971595764,243.0373764038086,0.5881951451301575
41,Right Ankle,287.80855894088745,235.52550315856934,0.5992286801338196
42,Nose,267.0361590385437,155.23711681365967,0.9829496145248413
42,Left Eye,268.692262172699,156.92251682281494,0.9878911972045898
42,Right Eye,269.54477548599243,157.24976062774658,0.9886437058448792
42,Left Ear,270.74960231781006,157.231764793396,0.9903345704078674
42,Right Ear,266.09665632247925,156.38135433197021,0.9817737340927124
42,Left Shoulder,292.03091382980347,171.77411556243896,0.9997733235359192
42,Right Shoulder,252.89917945861816,171.00465774536133,0.9991135001182556
42,Left Elbow,297.2859835624695,170.70992946624756,0.7291508913040161
42,Right Elbow,232.66706228256226,167.0227861404419,0.5388736128807068
42,Left Wrist,285.2881193161011,153.28712940216064,0.7085283398628235
42,Right Wrist,235.783531665802,145.8385705947876,0.34483832120895386
42,Left Hip,291.53672218322754,201.82804584503174,0.999693751335144
42,Right Hip,258.7886667251587,198.55377674102783,0.99924635887146
42,Left Knee,298.49581003189087,218.20605754852295,0.7545350193977356
42,Right Knee,225.99308252334595,197.16689586639404,0.6757733225822449
42,Left Ankle,341.579532623291,243.7203025817871,0.5878983736038208
42,Right Ankle,285.62755823135376,234.79130744934082,0.6294159293174744
60,Nose,258.33919286727905,156.98058128356934,0.9845325350761414
60,Left Eye,261.7540955543518,157.25247859954834,0.9890523552894592
60,Right Eye,264.6780037879944,156.8232822418213,0.9897269606590271
60,Left Ear,266.27344608306885,156.44784450531006,0.9912565350532532
60,Right Ear,256.98843240737915,158.9660882949829,0.9835239052772522
60,Left Shoulder,295.65783977508545,169.67531204223633,0.9997513890266418
60,Right Shoulder,247.12464094161987,180.34436702728271,0.9991804361343384
60,Left Elbow,307.7649235725403,181.4277219772339,0.6943906545639038
60,Right Elbow,212.5648069381714,179.55349445343018,0.5118495225906372
60,Left Wrist,304.28255796432495,153.7835454940796,0.7001804113388062
60,Right Wrist,207.37024784088135,156.302490234375,0.3468051850795746
60,Left Hip,296.2951970100403,219.39602851867676,0.9997224807739258
60,Right Hip,260.36404609680176,222.7343988418579,0.9993187189102173
60,Left Knee,293.5893201828003,198.1271266937256,0.7741660475730896
60,Right Knee,220.21189212799072,184.58125591278076,0.6994606256484985
60,Left Ankle,328.56772899627686,255.95340728759766,0.5980246663093567
60,Right Ankle,281.90439462661743,242.20410346984863,0.6390795707702637
